  0.0233  -0.0749   4.6117
  0.0492  -0.2536   4.8867
  0.0637   0.3527   4.8020
  0.0639  -0.2979   4.4432
  0.0746   0.6751   4.6117
  0.0800   0.6420   4.5172
  0.0876  -1.1017   4.2313
  0.1219  -0.5758   4.8111
  0.1386   0.9516   4.7320
  0.1371  -0.8237   4.7664
  0.1376  -1.0654   4.3679
  0.1377  -1.0652   4.5383
  0.1440   1.0984   4.1588
  0.1609   0.5885   4.3618
  0.1682   0.5116   4.3679
  0.1835   0.8816   4.8020
  0.1803  -0.8014   4.5891
  0.1897   0.8207   4.9367
  0.1892  -0.9868   4.3618
  0.1951   0.8427   4.5383
  0.1928  -0.1639   4.7577
  0.2066   0.4235   4.0586
  0.2131   0.8896   4.8867
  0.2124   0.1324   4.4303
  0.2174   0.7170   4.5312
  0.2316   1.0668   4.8203
  0.2313  -0.0149   4.7664
  0.2400   1.0293   4.8295
  0.2472   1.0329   4.6269
  0.2496   0.4087   4.4175
  0.2557  -0.4999   4.3088
  0.3000   1.5055   4.2474
  0.2746   0.1377   4.2805
  0.3033   0.8245   4.2474
  0.3102   0.9625   4.3321
  0.3118   0.3671   4.6582
  0.3127   0.5252   4.5102
  0.3218   0.4291   4.6503
  0.3281  -0.7761   4.9574
  0.3306  -1.1715   4.8577
  0.3494   1.0163   4.9785
  0.3467   0.4758   4.7577
  0.3593   0.7946   4.8769
  0.3750   1.1891   4.7405
  0.3736  -0.2339   4.8965
  0.3825   0.7925   4.8295
  0.3935   0.1072   4.8388
  0.4099   1.0338   4.7068
  0.4224   0.7227   4.0910
  0.4335   0.7747   4.9785
  0.4389   0.7082   4.9367
  0.4441   0.7437   4.9470
  0.4426   0.0958   4.4432
  0.4523   0.8847   4.0677
  0.4482  -0.0403   4.9892
  0.4599   0.1598   4.2583
  0.4782  -0.1626   4.6661
  0.4954   0.3368   4.8295
  0.4954   0.3367   4.7491
  0.5061   1.1988   4.9892
  0.4955   0.0556   4.6193
  0.4959  -0.7976   4.4112
  0.5091  -0.3748   4.8483
  0.5146   0.4118   4.7930
  0.5015  -1.1581   4.6904
  0.5112  -0.8136   4.8295
  0.5321   1.2376   4.5383
  0.5236  -0.3652   4.0008
  0.5325   0.0482   4.3321
  0.5407   0.7388   4.8388
  0.5432  -0.5010   4.6904
  0.5606   0.6608   4.8203
  0.5647   0.4527   4.9785
  0.5776   0.5289   4.9367
  0.5813   0.7720   4.8295
  0.5803   0.1544   4.3679
  0.5980   0.5973   4.8673
  0.5991   0.5907   4.0095
  0.6354   0.8775   4.7068
  0.6185  -1.1753   4.0910
  0.6504   1.1764   4.5172
  0.6368  -0.2044   4.8867
  0.6465   0.1477   4.2805
  0.6413  -0.8080   4.2474
  0.6636  -0.2575   4.7491
  0.6713  -0.4846   4.8965
  0.6801   0.0976   4.8577
  0.6959   0.0057   4.0677
  0.6962  -0.1768   4.8388
  0.7079   0.7015   4.9064
  0.6973  -0.7175   4.7491
  0.7010  -0.6657   4.1099
  0.7165   0.8592   4.1195
  0.7132   0.4836   4.6582
  0.6963  -1.1822   4.1099
  0.7161  -0.2119   4.2474
  0.7197   0.1765   4.2694
  0.7204  -0.3042   4.4695
  0.7326   0.5105   4.5102
  0.7223  -1.1586   4.8388
  0.7443   0.6688   4.2313
  0.7378  -0.5514   4.4629
  0.7484   0.6119   4.5312
  0.7463  -0.3664   4.7491
  0.7587  -0.8397   4.0008
  0.7438  -1.3078   4.7491
  0.7800   0.6922   4.6986
  0.7813   0.6141   4.9265
  0.7820   0.3725   4.6269
  0.7820   0.3725   4.6269
  0.7842   0.1555   4.6986
  0.7779  -0.6928   4.3498
  0.7801  -1.1158   4.9892
  0.8096   0.9897   4.7577
  0.7958  -0.3905   4.0910
  0.8375   1.2984   4.8673
  0.8250   0.8659   4.0495
  0.8347   0.6914   4.6269
  0.8361   0.3443   4.3498
  0.8504   0.3673   4.8867
  0.8545  -0.1253   4.8020
  0.8726   1.1458   4.8388
  0.8671   0.5973   4.8203
  0.8655  -0.3750   4.8769
  0.8699   0.0588   4.8295
  0.8741   0.5070   4.4695
  0.8790   0.7562   4.9470
  0.8724  -0.7493   4.2694
  0.9078   0.8563   4.9785
  0.9122   1.0462   4.2101
  0.9159   1.0276   4.5383
  0.9135   0.8641   4.6661
  0.9188   0.8377   4.3618
  0.9201   0.2258   4.1099
  0.9190  -0.0860   4.7320
  0.9136  -1.0657   4.7235
  0.9446   0.8411   4.2313
  0.9328  -0.3555   4.2694
  0.9463   0.0070   4.2805
  0.9473  -0.6933   4.5817
  0.9703   0.5928   4.9679
  0.9863   1.1056   4.8020
  0.9697  -0.5247   5.0000
  0.9723  -0.6403   4.5891
  0.9827   0.4270   4.2974
  1.0051   1.2450   4.6269
  1.0015   1.1436   4.4695
  0.9875   0.4180   4.1790
  0.9867  -0.2077   4.4175
  0.9898  -0.3971   4.2313
  0.9974  -0.6349   4.7320
  1.0012  -0.6248   4.1689
  1.0347   1.0666   5.0000
  1.0223  -0.0182   4.7930
  1.0198  -0.4082   4.6503
  1.0427   0.6247   4.0405
  1.0469  -0.4186   4.6582
  1.0417  -1.0577   4.5598
  1.0677   0.3854   4.3618
  1.0759   0.8788   4.2917
  1.0511  -1.0793   4.5102
  1.0529  -1.0633   4.9679
  1.0850   0.8327   4.0405
  1.0990  -0.0901   4.0405
  1.0945  -0.6982   4.9265
  1.1122   0.8449   4.1390
  1.1122   0.7066   4.7068
  1.1080   0.1617   4.8388
  1.1100  -0.1701   4.8673
  1.1150   0.1552   4.2917
  1.1268   0.8778   4.6117
  1.1138  -0.1108   4.4303
  1.1225   0.3592   4.9367
  1.1171  -0.8816   4.2474
  1.1363   0.6033   4.9265
  1.1360   0.4774   4.9470
  1.1412   0.8116   4.8483
  1.1191  -1.0245   4.4432
  1.1523   0.3045   4.8020
  1.1579   0.3891   4.2206
  1.1584   0.3129   4.2917
  1.1620   0.3982   4.2805
  1.1622   0.2726   4.4897
  1.1633   0.2568   4.6904
  1.1713   0.2855   4.9679
  1.1805   0.2826   4.7841
  1.1863   0.0008   4.9064
  1.1949   0.2591   4.6503
  1.1934  -0.4928   4.5102
  1.2073   0.7202   4.2474
  1.2028   0.1773   4.2474
  1.2137   0.2184   4.2694
  1.2186   0.2778   4.6904
  1.2237  -0.3199   4.3204
  1.2315   0.4007   4.2805
  1.2242  -0.7005   4.4497
  1.2457  -0.0479   4.0183
  1.2650   0.6543   4.8769
  1.2830   1.1579   4.2917
  1.2680   0.1553   4.3618
  1.2769   0.6406   4.7841
  1.2764   0.2487   4.7405
  1.2780  -0.0794   4.3924
  1.2972   0.9382   4.4695
  1.2867   0.1772   4.6503
  1.2932   0.2359   4.0677
  1.3058   0.6613   4.9367
  1.3027   0.0299   4.4695
  1.3239   1.0549   4.0315
  1.3087  -0.2001   4.7930
  1.3153  -0.1191   4.8111
  1.3225   0.3768   4.6425
  1.3152  -0.3482   4.9064
  1.3381   0.9006   5.0000
  1.3289   0.2689   4.6822
  1.3282  -0.6024   4.5526
  1.3415   0.3254   5.0000
  1.3330  -0.9866   4.7235
  1.3513   0.2722   4.8203
  1.3489  -0.1265   4.2694
  1.3676   0.6717   4.8577
  1.3627  -0.1768   4.4497
  1.3670   0.0499   4.4629
  1.3667  -0.1930   4.3618
  1.3883   0.5824   4.5383
  1.3925   0.6999   4.7068
  1.3931   0.3857   4.9367
  1.3853  -0.5778   4.8295
  1.3690  -1.1661   4.8295
  1.3944  -0.2238   4.2917
  1.3982  -0.3623   4.7068
  1.4040   0.0067   4.7320
  1.4086   0.0619   5.0000
  1.4166   0.6525   4.9892
  1.4156   0.3034   4.9892
  1.4135  -0.1081   4.1390
  1.4170   0.0322   4.9470
  1.4296   0.3829   4.8769
  1.4261   0.0540   4.5891
  1.4387  -0.0158   4.7068
  1.4433   0.1038   4.1996
  1.4518   0.5619   4.7577
  1.4496   0.3245   4.3801
  1.4483  -0.1169   4.6193
  1.4609   0.1656   4.4112
  1.4619  -0.1047   4.7841
  1.4634  -0.0552   4.5891
  1.4700   0.1622   4.0910
  1.4800   0.0719   4.5670
  1.4787  -0.1185   4.8020
  1.4892   0.2886   4.8577
  1.4868  -0.0010   4.2101
  1.4872  -0.0152   4.9470
  1.4943   0.0257   4.9064
  1.5236   0.6838   4.5172
  1.5229   0.4288   4.8577
  1.5252   0.2208   4.9064
  1.5317   0.6511   4.7405
  1.5044  -1.1216   4.3498
  1.5483   0.9723   4.9892
  1.5417   0.4819   4.5817
  1.5378   0.0324   4.7841
  1.5264  -0.9745   4.5102
  1.5463   0.3539   4.4112
  1.5408  -0.5620   4.8673
  1.5620   0.4530   4.8203
  1.5512  -0.6437   4.9679
  1.5705   0.8018   4.2583
  1.5451  -1.0980   4.6503
  1.5600  -0.6059   4.3618
  1.5710  -0.0511   4.5312
  1.5812   0.1684   4.1195
  1.5788  -0.1641   4.9470
  1.5888   0.4060   4.1588
  1.5879   0.3515   4.6269
  1.5925  -0.2708   4.9265
  1.5977  -0.2280   4.6661
  1.6038   0.2578   4.4175
  1.6234   0.2815   4.9470
  1.6229   0.2480   4.4829
  1.6530   1.2099   4.8020
  1.6157  -0.9256   4.8111
  1.6490   1.0736   4.9785
  1.6379   0.5148   4.3498
  1.6564   1.0299   4.4829
  1.6430  -0.6084   4.3679
  1.6580  -0.0184   4.8965
  1.6794   0.8602   4.9064
  1.6745   0.0802   4.4432
  1.6972   0.3528   4.1489
  1.6965  -0.1216   4.5966
  1.6937  -0.5484   4.4829
  1.7144   0.1280   4.5034
  1.7098  -0.3941   4.3321
  1.7238  -0.3671   4.5383
  1.7424   0.7416   4.7930
  1.7234  -0.8905   4.3924
  1.7361  -0.3100   4.4303
  1.7422  -0.2418   4.8203
  1.7496   0.1727   4.6582
  1.7393  -0.8339   4.9265
  1.7725   1.0375   4.8673
  1.7627   0.2309   4.4897
  1.7773   0.1403   4.7664
  1.7796   0.0421   4.4695
  1.8329   1.3435   4.5526
  1.7928  -0.5870   4.9892
  1.7883  -0.9142   4.3986
  1.8207   1.0197   4.3498
  1.8092   0.2300   4.6503
  1.8044  -0.3452   4.8295
  1.8072  -0.2088   4.0677
  1.8222   0.7870   4.8965
  1.8135  -0.3467   4.6822
  1.8156  -0.2436   5.0000
  1.8157  -0.2958   4.3679
  1.8163  -0.8252   4.9470
  1.8453  -0.0656   4.9892
  1.8490  -0.2507   4.1195
  1.8496  -0.8450   4.9265
  1.8835   0.6863   4.8965
  1.8812   0.5279   4.4112
  1.8772  -0.0657   4.9164
  1.8712  -0.6692   4.8295
  1.8844   0.0086   4.1489
  1.8909   0.2820   5.0000
  1.8874  -0.7896   4.4897
  1.9682   1.4384   4.9574
  1.8948  -0.4476   4.6582
  1.8903  -0.7822   4.8867
  1.8965  -0.8330   4.7577
  1.9051  -0.3959   4.7930
  1.9050  -0.4559   4.6425
  1.9141  -0.4091   4.9785
  1.9142  -0.4022   4.3986
  1.9125  -0.6155   4.6582
  1.9296  -0.3313   4.9574
  1.9492   0.8589   4.6425
  1.9445   0.1619   4.9892
  1.9596   0.5547   4.1790
  1.9555   0.1558   4.3204
  1.9626   0.2096   4.5383
  1.9629  -0.4010   4.8483
  1.9666  -0.5068   4.6503
  1.9801  -0.2352   4.9679
  1.9893   0.4694   4.0586
  1.9812  -0.3788   4.4497
  1.9870  -0.4822   4.6425
  2.0035   0.6036   4.8965
  1.9882  -0.8983   4.9367
  1.9956  -0.5765   4.5312
  1.9997  -0.4300   4.6986
  2.0202   1.0247   4.9892
  2.0020  -0.4398   4.5034
  2.0020  -0.4398   4.6193
  2.0088  -0.2572   4.9367
  2.0048  -0.6578   4.8388
  2.0216   0.5041   4.2805
  2.0226  -0.4815   4.5891
  2.0338   0.3231   4.8769
  2.0424  -0.4200   4.5034
  2.0435  -0.8189   4.7068
  2.0474  -0.7963   4.1099
  2.0660   0.4672   4.9679
  2.0623  -0.6482   4.4897
  2.0641  -0.8445   4.6269
  2.0652  -0.8360   4.2420
  2.0807  -0.3686   4.1996
  2.0842  -0.5178   4.7930
  2.0932  -0.0405   4.9265
  2.0867  -0.8509   4.4112
  2.0938  -0.3072   4.6117
  2.0997  -0.0106   4.6822
  2.1043   0.0407   4.3924
  2.1097   0.4851   4.9367
  2.0958  -1.0897   4.8203
  2.1313   0.8990   4.8388
  2.1319  -0.0177   4.3380
  2.1338  -0.3273   4.3986
  2.1358  -0.8143   4.2694
  2.1436  -0.1933   4.7235
  2.1337  -1.0594   4.7577
  2.1290  -1.1761   4.3498
  2.1440  -0.6699   4.4497
  2.1443  -0.7158   4.7491
  2.1526  -0.2480   4.9892
  2.1533  -0.5952   4.7841
  2.1557  -0.6921   4.4432
  2.1754  -0.6168   4.4497
  2.1940   0.7538   4.2474
  2.1877  -0.5750   4.8295
  2.1927  -0.8292   4.8203
  2.1752  -1.3104   4.0677
  2.1845  -1.3354   4.3498
  2.2229  -0.7553   4.9892
  2.2699   1.1227   4.5966
  2.2587   0.0995   4.1588
  2.2485  -1.0121   4.8577
  2.2635   0.0583   4.4432
  2.2587  -0.7158   4.1390
  2.2690  -0.2011   4.9785
  2.2677  -0.4964   4.8867
  2.2764  -0.2453   4.8769
  2.2833   0.3747   4.6582
  2.2742  -0.8148   4.7664
  2.2830   0.0593   4.2974
  2.2716  -1.0165   4.3321
  2.2850  -0.1181   4.6193
  2.2795  -0.9230   4.8577
  2.2981   0.5020   4.0183
  2.2881  -0.7217   4.0677
  2.2967  -0.2173   4.3204
  2.3057   0.1019   4.3618
  2.2982  -0.9640   4.4897
  2.3149  -0.4588   4.0095
  2.3117  -0.7800   4.9265
  2.3367  -0.4593   4.8867
  2.3496   0.2070   4.2474
  2.3402  -0.8949   4.6904
  2.3673   1.1804   4.7577
  2.3430  -1.0257   4.9164
  2.3566  -0.7112   4.4497
  2.3847   0.6711   4.5598
  2.3823   0.0889   4.9679
  2.3669  -1.1450   4.0008
  2.4015   1.1717   4.8020
  2.3949   0.9007   4.4829
  2.4038   1.1085   4.6661
  2.3913  -0.4214   4.5817
  2.3808  -1.2123   4.7068
  2.3787  -1.2461   4.4829
  2.4045  -0.7528   5.0000
  2.4268   0.9429   4.8295
  2.4243  -0.6533   4.9367
  2.4249  -0.6386   4.6193
  2.4269  -0.9854   4.3380
  2.4425  -0.1750   4.7930
  2.4456  -0.1474   4.8020
  2.4500  -0.4195   4.7235
  2.4476  -1.0750   4.8111
  2.4638   0.4570   4.4629
  2.4574  -0.4741   4.6904
  2.4753  -0.3780   4.6904
  2.5180   1.4194   4.2917
  2.4834  -0.0215   4.5966
  2.4838  -0.5943   4.5102
  2.5066   1.2188   4.5598
  2.4946   0.4009   4.3088
  2.4956   0.1972   4.9679
  2.4957  -0.0142   4.5670
  2.5081   0.9085   4.5034
  2.5055   0.6353   4.5526
  2.5092   0.6915   4.8111
  2.5065  -1.0257   4.0816
  2.5186   0.1193   5.0000
  2.5240   0.0811   4.6822
  2.5169  -0.8490   4.3498
  2.5279  -1.0589   4.5172
  2.5363  -0.3911   4.7664
  2.5405  -0.3854   4.9367
  2.5491  -0.4578   4.7930
  2.5836   0.9436   4.5891
  2.5808  -0.2296   4.1195
  2.5817  -0.7933   4.5817
  2.5927  -0.4201   4.8769
  2.5956  -0.3314   4.9367
  2.6189   0.1404   4.6986
  2.6404  -0.2258   4.5966
  2.6504   0.6151   4.4829
  2.6525   0.1745   4.3679
  2.6526   0.0065   4.4897
  2.6570  -0.8760   4.8577
  2.7041   0.3398   4.7930
  2.7036  -0.9594   4.5670
  2.7233   1.1443   4.9679
  2.7092  -0.9766   4.5034
  2.7154  -0.7042   4.8295
  2.7182  -1.1362   4.9892
  2.7311   0.5899   4.7405
  2.7397   0.6407   4.2101
  2.7244  -1.2910   4.0008
  2.7365  -0.5399   4.2474
  2.7376  -0.9837   4.6582
  2.7516   0.9770   4.8388
  2.7711   1.3214   4.8388
  2.7630   0.7056   4.7491
  2.7548  -0.9125   4.8867
  2.7504  -1.2219   4.7405
  2.7534  -1.2702   4.9265
  2.7733  -0.9851   4.4497
  2.7804  -0.4640   4.8867
  2.7819  -0.2202   4.8203
  2.7869   0.5581   4.7068
  2.7863  -0.2640   4.9064
  2.7728  -1.3507   4.1099
  2.7871  -1.0265   4.6582
  2.7895  -0.9494   4.2805
  2.8059   1.2056   5.0000
  2.8023  -1.1089   4.8203
  2.8080  -1.0373   4.5670
  2.8105  -1.0828   4.8203
  2.8224  -1.1103   4.8483
  2.8177  -1.3868   4.4497
  2.8535   0.7538   4.7068
  2.8607   0.4320   4.5034
  2.8655  -0.6434   4.5966
  2.8788  -0.3089   4.0816
  2.8822   0.0631   4.8388
  2.8805  -0.7291   4.3924
  2.8831   0.1065   4.9892
  2.8878  -0.0264   4.7405
  2.8900   0.3522   4.4175
  2.9017   0.1280   4.6269
  2.9031  -0.4661   4.9367
  2.9083  -1.0747   4.6117
  2.9307  -0.3696   4.4829
  2.9348  -1.0417   4.5966
  2.9461   0.4031   4.6269
  2.9525  -0.0410   4.4695
  2.9591   0.5503   4.8673
  2.9591   0.5503   4.4112
  2.9633   0.6665   4.7841
  2.9720   0.1052   4.0495
  2.9794   0.7589   4.9892
  2.9811  -0.6254   5.0000
  2.9872  -0.1595   4.8295
  2.9884  -0.2848   4.0816
  3.0017   0.0498   4.9470
  3.0121  -0.0523   4.7664
  3.0315  -0.9379   4.6193
  3.0398  -0.1431   4.6986
  3.0410   0.0144   4.2974
  3.0553  -0.5804   4.6986
  3.0582  -1.0805   4.9367
  3.0751  -0.3080   4.7320
  3.0774   0.1441   4.8483
  3.0799   0.1140   4.0315
  3.0827  -1.0615   4.1099
  3.0828  -0.6894   4.9064
  3.0892   0.3529   4.5312
  3.0903  -1.1377   4.7235
  3.0966  -1.0858   4.3204
  3.0977  -1.2178   4.9679
  3.1030  -0.7824   4.4629
  3.1060  -1.1309   4.8965
  3.1107  -0.5601   4.2805
  3.1399  -1.3575   4.9064
  3.1454   0.1154   4.6582
  3.1548  -1.0941   4.3321
  3.1604  -1.0967   4.7235
  3.1643   0.1524   4.1195
  3.1716  -1.1063   4.1489
  3.1769  -0.8611   4.4695
  3.1783  -0.4062   4.0183
  3.2129   0.4179   4.9470
  3.2136   0.5770   5.0000
  3.2182  -1.1526   4.1099
  3.2216  -1.3734   4.2583
  3.2220  -1.1170   4.0405
  3.2245  -0.9574   5.0000
  3.2304   0.0578   4.9574
  3.2320   0.3105   4.7405
  3.2398   0.4511   4.8111
  3.2464   0.8999   4.8020
  3.2573  -1.0974   4.8577
  3.2573  -0.8822   4.8203
  3.2568   0.4759   4.9470
  3.2591   0.4934   4.3618
  3.2594   0.4682   5.0000
  3.2730   1.2078   4.9470
  3.2815  -0.2758   4.3088
  3.2888   0.7218   4.2583
  3.2937   0.3950   4.8111
  3.2931   1.2221   4.9367
  3.3128  -0.1048   4.6582
  3.3156  -0.6634   4.6425
  3.3246  -1.0178   4.9265
  3.3244   0.1786   4.8769
  3.3274  -0.8236   4.6582
  3.3407  -1.0301   4.6904
  3.3385   0.7931   4.9892
  3.3440  -0.9689   4.6503
  3.3628  -0.5585   4.9064
  3.3672   0.4807   4.9367
  3.3734  -0.8213   4.3321
  3.3748  -0.6950   4.2694
  3.3741   0.3708   4.8965
  3.3801  -1.0272   4.6193
  3.3798  -0.9917   4.0315
  3.3788  -0.1477   4.7930
  3.3987   0.3039   4.7841
  3.4046   0.5373   4.8965
  3.4066   0.9838   4.9265
  3.4189  -0.8460   4.8483
  3.4308  -0.8297   4.7068
  3.4335  -0.8394   4.2694
  3.4347   0.4821   4.8020
  3.4429  -0.3994   4.9470
  3.4468  -0.0779   4.3801
  3.4570  -1.0137   4.5966
  3.4560  -0.6318   4.8483
  3.4552   0.4866   4.2583
  3.4656  -1.0279   4.9164
  3.4699  -1.1538   4.8020
  3.4632   0.7008   4.9164
  3.4785  -1.1382   4.8673
  3.4802   0.0955   4.8020
  3.4799   0.7081   4.7320
  3.4837  -0.3087   4.7405
  3.5021  -1.0299   4.5312
  3.5081  -1.1077   4.5312
  3.5135   0.9597   4.0095
  3.5232  -0.2448   4.7577
  3.5274   0.2405   4.9785
  3.5330  -0.3965   4.9679
  3.5429  -0.1003   4.6904
  3.5523   0.0639   4.9367
  3.5552   0.6490   4.9785
  3.5537   0.8555   4.6986
  3.5668   0.6335   4.8203
  3.5811   0.9544   4.6582
  3.6027  -0.5752   4.2313
  3.6070  -0.8826   4.6503
  3.6096   0.3047   4.5034
  3.6191  -0.5855   4.1893
  3.6210  -0.3118   4.9679
  3.6193   0.2757   4.0677
  3.6203   0.3711   4.9064
  3.6295  -0.5411   4.5598
  3.6294   0.6012   4.7405
  3.6356  -0.5249   4.7320
  3.6278   1.1296   4.6503
  3.6549  -1.0876   4.7068
  3.6727  -0.7749   4.3380
  3.6724   0.0270   4.2583
  3.6916  -0.7124   4.3618
  3.7084  -0.9174   4.7491
  3.7125  -0.2740   4.9064
  3.7447  -1.4136   4.9064
  3.7106   0.4379   4.8295
  3.7215  -0.1698   4.1893
  3.7038   1.3535   4.8203
  3.7240   0.9039   4.5383
  3.7351  -0.1047   4.0816
  3.7826  -1.4370   4.3204
  3.7357   0.8965   4.7491
  3.7367   0.8044   4.1790
  3.7539  -0.9706   4.3321
  3.7486  -0.2204   4.5172
  3.7437   0.6198   4.8111
  3.7555  -0.7821   4.7664
  3.7549  -0.6303   4.0495
  3.7514   0.2846   4.8577
  3.7639  -1.0043   4.9164
  3.7657  -0.6717   4.4175
  3.7660  -0.4581   4.7664
  3.7792  -0.7815   4.5598
  3.7794  -0.7788   4.3498
  3.7751   0.9050   4.0495
  3.7881  -0.4976   4.9679
  3.7882  -0.0309   4.8111
  3.8075  -0.8647   4.4175
  3.7853   1.3211   4.2474
  3.8165   0.5191   4.4629
  3.8305  -0.8478   4.0495
  3.8483  -0.6319   4.0008
  3.8429   0.2866   4.9367
  3.8447   0.2396   4.8295
  3.8447   0.2396   4.4303
  3.8469   0.1424   4.8577
  3.8557  -0.6078   4.0495
  3.8615  -0.6075   4.9164
  3.8547   0.4630   4.8111
  3.8659  -0.4286   4.9367
  3.8626   0.2961   4.5966
  3.8846  -0.4545   4.4112
  3.8905  -0.7404   4.3204
  3.8878  -0.0297   4.9367
  3.8894   0.3334   4.5526
  3.9147  -0.0638   4.4897
  3.9312  -0.1306   4.9164
  3.9164   1.1507   4.5966
  3.9362   0.4365   4.8111
  3.9396   0.0365   4.3986
  3.9493  -0.8194   4.7235
  3.9493  -0.8194   4.8203
  3.9464   0.4703   4.5383
  3.9435   0.8317   4.7577
  3.9656  -0.7805   4.0495
  3.9589   0.4340   4.9265
  3.9830  -0.7592   4.8203
  3.9803  -0.3178   4.5383
  3.9908  -0.5320   4.9064
  4.0040  -1.0889   4.8577
  4.0034  -0.9983   4.0677
  4.0079  -0.8050   4.2694
  4.0048  -0.5210   4.3380
  4.0236  -0.8041   5.0000
  4.0290  -1.0241   4.5102
  4.0280  -0.6133   4.5383
  4.0326  -0.1689   4.9367
  4.0375  -0.6504   4.5966
  4.0338   0.6524   4.3088
  4.0872  -1.1464   4.1099
  4.0761  -0.1734   4.6193
  4.0707   0.5473   4.1390
  4.0836  -0.7512   4.5383
  4.0930  -0.7231   4.3321
  4.1005  -0.5862   4.6661
  4.1028  -0.3871   4.9574
  4.1067  -0.7564   4.6425
  4.0641   1.3500   4.9574
  4.1100  -0.3198   4.7405
  4.1132  -0.5810   4.7491
  4.1083   0.3433   4.5172
  4.1296   0.1283   4.4303
  4.1397   0.3166   4.0910
  4.1494  -0.4232   4.6425
  4.1434   0.4550   4.6269
  4.1507   0.3661   4.7577
  4.1505   0.6223   4.8203
  4.1192   1.3578   4.3204
  4.1609  -0.4306   4.5891
  4.1618  -0.2665   4.1489
  4.1568   0.7409   4.6193
  4.1809  -0.2395   4.8769
  4.1866  -0.7026   4.9892
  4.1783   0.4691   4.1489
  4.1791   0.9556   4.9470
  4.2042  -0.9813   4.6269
  4.2028  -0.8512   4.6503
  4.2036  -0.6527   4.8867
  4.2034  -0.4212   5.0000
  4.1951   0.5210   4.9892
  4.1988   0.3980   4.8295
  4.2079  -0.1855   4.7664
  4.2171  -0.7824   4.7235
  4.2010   0.8035   4.7577
  4.2125  -0.3176   4.9164
  4.1970   1.0222   4.0095
  4.2176  -0.6143   4.2313
  4.2211  -0.3339   4.3204
  4.2240   0.2975   5.0000
  4.2279   0.6369   4.7577
  4.2776  -1.3492   4.6822
  4.2271   0.7843   4.2583
  4.2476  -0.9315   4.9367
  4.2411  -0.3236   4.0095
  4.2425  -0.4551   4.5891
  4.2412  -0.1734   4.9367
  4.2630  -0.8715   4.9892
  4.2686  -0.4780   4.7841
  4.2754  -0.8699   4.0183
  4.2788  -0.4159   4.5526
  4.2851   0.0180   4.8203
  4.3130  -1.2203   4.9064
  4.2852   0.5392   4.8483
  4.2940  -0.3484   4.5034
  4.3074  -0.8106   4.4695
  4.2652   1.3222   4.9470
  4.2997   0.2449   4.5670
  4.3067  -0.3062   4.4175
  4.3101  -0.1331   4.6269
  4.3206  -0.4343   4.7930
  4.3257  -0.5811   4.2313
  4.3247  -0.2686   4.2805
  4.3290  -0.3584   4.4497
  4.3375  -0.7672   4.9367
  4.3311   0.2005   4.8388
  4.3109   1.2002   5.0000
  4.3767  -1.3349   4.2420
  4.3475  -0.6064   4.1588
  4.3376   0.7407   4.1996
  4.3702  -0.2838   4.9574
  4.3579   0.8540   4.8965
  4.3673   1.1273   4.8295
  4.3864   0.9910   4.8483
  4.4062  -0.1609   4.6503
  4.4036   0.8026   4.8203
  4.4244  -0.7267   4.7320
  4.4244   0.1774   4.3801
  4.4488  -0.9222   4.0586
  4.4333   1.1368   4.8867
  4.4552  -0.0659   4.8203
  4.3894   1.4318   4.2313
  4.4716  -0.5913   4.8673
  4.4642   0.2460   4.9785
  4.4741   0.2224   4.9064
  4.5231   0.0078   4.7320
  4.5465  -1.1559   4.7841
  4.5262   0.5777   4.8203
  4.5277   0.6509   4.6503
  4.5422  -0.3646   4.3924
  4.5415  -0.1947   4.3321
  4.5392   0.3152   5.0000
  4.5539   0.6483   4.5172
  4.5657  -0.4158   4.1689
  4.5699  -0.4910   4.2917
  4.5668  -0.0858   4.5383
  4.5663   0.0723   4.3380
  4.5877  -0.3846   4.8111
  4.5847   0.4557   4.4112
  4.6062  -0.7940   4.5891
  4.6101  -0.6521   4.2917
  4.5910   0.9631   4.8769
  4.5914   0.9630   4.8673
  4.6157  -0.1376   4.6193
  4.6268  -0.8480   4.7664
  4.6313  -0.1942   4.2583
  4.6401  -0.3546   4.8673
  4.6118   1.2001   4.8020
  4.6581  -0.4567   4.5383
  4.6652  -0.5288   4.8295
  4.6696  -0.6966   4.8111
  4.6336   1.2592   4.5817
  4.6984  -0.7620   4.8577
  4.7028  -0.7031   4.8769
  4.7115  -0.3872   4.7577
  4.7059   0.5269   4.4112
  4.7145  -0.0403   4.6193
  4.7135   0.0762   4.6425
  4.7126   0.2924   4.6661
  4.7200   0.0228   4.4497
  4.7190   0.3769   4.9574
  4.7343  -0.4960   4.6904
  4.7498  -1.0879   4.3498
  4.7362   0.0436   4.0315
  4.7477  -0.4807   4.5670
  4.7443   0.1524   4.6425
  4.7614  -0.7687   4.5312
  4.7506   0.3633   4.3618
  4.5912   1.5112   4.3618
  4.7450   0.7585   5.0000
  4.7635  -0.3892   4.9785
  4.7643   0.5481   4.9679
  4.7912  -0.4705   4.6503
  4.8137  -1.0560   4.3618
  4.8034   0.0589   4.8577
  4.8010   0.3833   4.9470
  4.7991   0.6294   4.3321
  4.8156  -0.1233   4.6822
  4.8230  -0.3396   4.8111
  4.8382  -0.8540   4.1292
  4.8493  -1.0772   4.6425
  4.8030   1.2451   4.2206
  4.8167   1.0263   4.9785
  4.8398  -0.2345   4.6986
  4.8510  -0.7694   4.9574
  4.8258   1.1443   4.8203
  4.8586  -0.7276   4.6425
  4.8545   0.9956   4.7664
  4.9002  -1.2317   4.0095
  4.9107  -1.1018   4.7930
  4.8968  -0.1562   4.7235
  4.9058  -0.5997   4.8673
  4.9023  -0.1348   4.8965
  4.9077   0.6563   4.3618
  4.9116   0.3586   4.1893
  4.9182  -0.0568   4.2206
  4.9134   0.4653   4.8295
  4.9176   0.3173   4.3618
  4.9402  -1.0788   4.2206
  4.9609  -1.1653   4.4432
  4.9488  -0.3710   4.8295
  4.9529  -0.3723   4.9892
  4.9358   1.0365   4.6582
  4.9513   0.3952   4.5891
  4.9675  -0.8912   4.8673
  4.9446   0.8850   4.9164
  4.9502   0.6440   4.2974
  4.9577   0.0734   4.6193
  4.9578   0.0733   4.9785
  4.9614  -0.0725   4.8295
  4.9686  -0.6439   4.8673
  4.9538   0.7670   4.0405
  4.9725   0.2630   4.0183
  4.9497   1.2444   4.8203
  4.9878  -0.7314   4.7491
  4.9743   0.5610   4.9265
  4.9815  -0.0744   4.0183
  5.0022  -0.6447   4.9265
  5.0022  -0.6447   4.9892
  5.0106  -0.6895   4.5891
  5.0155  -0.6300   4.1099
  5.0179  -0.6747   4.1099
  5.0420  -0.4319   4.8483
  5.0342   0.6832   4.3924
  5.0511  -0.2975   4.9574
  5.0449   0.3733   4.7664
  5.0349   1.0071   4.9892
  5.0456   0.6656   4.3618
  5.0730  -0.7599   4.0095
  5.0690  -0.2451   4.6117
  5.0755  -0.7540   4.2917
  5.0420   1.2803   4.4497
  5.0644   1.1469   4.5891
  5.0795   0.5170   4.9679
  5.0899   0.0059   4.6582
  5.0994   0.4305   4.4432
  5.1279  -0.8360   4.8965
  5.1128   0.6013   4.7405
  5.1229   0.1288   4.4497
  5.1251   0.3451   5.0000
  5.1344  -0.4035   4.5966
  5.1352  -0.1217   4.9470
  5.1344  -0.0125   4.3618
  5.1154   1.2158   4.6822
  5.1332   0.8765   4.4829
  5.1460   0.5263   4.6904
  5.1491   0.3144   4.3679
  5.1533   0.3050   4.3679
  5.1765  -0.3183   4.8577
  5.1674   0.6520   4.8867
  5.1768   0.5887   4.9892
  5.1879   0.3341   5.0000
  5.1948   0.5745   4.2313
  5.1970   0.3946   4.9470
  5.2153  -0.7004   4.1292
  5.2075   0.4203   4.5817
  5.2109   0.1477   4.7068
  5.2178  -0.4486   4.6986
  5.2227  -0.4683   4.5172
  5.2179   0.6717   4.9367
  5.2314  -0.4504   4.8295
  5.2169   0.9152   4.9164
  5.2348  -0.6060   4.3679
  5.2182   1.0271   4.9574
  5.2476  -0.4589   4.5817
  5.2515  -0.6294   4.7664
  5.2408   0.4844   4.6425
  5.2549  -0.5575   4.9892
  5.2682  -0.8922   4.9367
  5.2483   1.1846   4.5102
  5.2771   0.6430   4.9265
  5.2983   0.2652   4.9470
  5.2940   0.8171   4.8295
  5.2994   0.6424   4.9679
  5.3026   0.4467   4.7841
  5.2944   0.9873   4.2974
  5.3048   0.4854   4.5172
  5.3130  -0.2006   4.2420
  5.2748   1.3563   4.3924
  5.3136   0.6638   4.8111
  5.3261  -0.1962   4.7577
  5.3401   0.5618   4.4303
  5.3619  -0.2825   4.7841
  5.3654  -0.0195   4.9064
  5.3642   0.5300   4.0095
  5.3671   0.8544   4.9470
  5.3912  -1.0370   4.7577
  5.3651   1.0995   4.2206
  5.3809   0.1973   4.0315
  5.4000  -1.0554   4.8769
  5.3839   0.6152   4.6117
  5.3900   0.2561   4.6822
  5.3962  -0.0253   4.8867
  5.4033  -0.0156   4.3204
  5.4041   0.3700   4.8203
  5.4281  -0.8740   4.5102
  5.4256   0.2631   4.4303
  5.4371  -0.4316   4.1390
  5.4318   0.4411   4.9064
  5.4352   0.5362   4.2206
  5.4396   0.2814   4.2694
  5.4443  -0.0868   4.4175
  5.4519  -0.7989   4.8867
  5.4339   1.0050   4.5102
  5.4418   0.5999   4.9164
  5.4428   0.6369   4.5312
  5.4540  -0.5623   4.8965
  5.4495   0.8048   4.8388
  5.4621  -0.4377   4.1099
  5.4657  -0.1225   4.7320
  5.4634   0.4729   4.5891
  5.4683   0.7747   4.7841
  5.5034  -0.5540   4.6661
  5.4970   0.8294   4.7405
  5.5170  -0.3167   4.8388
  5.5237  -0.2926   4.0677
  5.5289  -0.4362   4.5034
  5.5266   0.8316   4.5526
  5.5397  -0.1855   4.5102
  5.5429   0.1768   4.6904
  5.5610   0.1747   4.4897
  5.5761  -0.5555   4.7068
  5.5845  -0.9172   4.3924
  5.5738   0.6876   4.2313
  5.5760   0.6091   4.4303
  5.5884  -0.6840   4.8203
  5.5783   0.7670   5.0000
  5.5949  -0.2647   4.2805
  5.5942   0.3457   4.0816
  5.6132  -1.1281   4.2206
  5.6231  -0.3524   4.5102
  5.6285   0.4126   4.5670
  5.6461   0.7957   4.0183
  5.6495   0.6725   4.8965
  5.6596  -0.3235   4.6822
  5.6625  -0.1073   4.6904
  5.6632   1.0835   4.7320
  5.6839  -0.2990   4.7320
  5.6815   0.8934   4.6661
  5.6939  -0.5755   4.3380
  5.6904   0.5017   4.7320
  5.6920   0.3028   4.3380
  5.6926   0.4476   4.1292
  5.6876   1.0259   4.0816
  5.6807   1.2446   4.5598
  5.6961   1.0668   4.2917
  5.7020   0.8606   4.2313
  5.7505  -0.9252   4.3986
  5.7450   1.1105   4.9064
  5.7742  -0.9637   4.6904
  5.7741  -0.0322   4.6904
  5.7863  -0.6712   4.4629
  5.7844   0.0883   4.8388
  5.7761   1.1280   4.2917
  5.7877  -0.2117   4.2694
  5.7962  -0.5413   4.5034
  5.7964  -0.5926   4.9892
  5.8039  -0.5489   4.9164
  5.8032   0.5791   4.2917
  5.8024   1.2626   4.7930
  5.8201   0.6932   4.4897
  5.8277  -0.7095   4.7930
  5.8252   0.9956   4.1893
  5.8293   0.6588   4.1292
  5.8330  -0.1085   4.1588
  5.8526   0.4945   4.8111
  5.8513   0.8122   4.5670
  5.8624   0.9116   4.4303
  5.8699   0.0240   4.6582
  5.8789  -1.1001   4.4829
  5.8666   0.8635   4.5670
  5.8811   0.0820   4.7930
  5.8854   0.0004   4.5891
  5.8854   0.0003   4.4175
  5.8894  -0.7374   4.1099
  5.8884   0.8326   4.3618
  5.8933  -0.1627   4.8203
  5.8971  -0.5525   4.2917
  5.8926   0.7526   4.5102
  5.9036  -1.0475   4.8111
  5.9139   0.0021   4.0183
  5.9227   0.8996   4.6269
  5.9309   0.6816   4.8769
  5.9370  -0.4705   4.1689
  5.9605  -1.4071   4.1489
  5.9364   0.7728   4.4629
  5.9418   0.5115   4.7930
  5.9494  -0.7084   4.8483
  5.9498  -0.2997   4.6904
  5.9587  -0.9163   4.8483
  5.9633   0.2125   4.1893
  5.9760  -0.2166   4.0095
  5.9888  -0.5432   4.4629
  5.9866   0.7559   4.9367
  5.9668   1.4513   4.7405
  6.0006   0.1539   4.8965
  6.0037  -0.5491   4.2101
  6.0058   0.8680   4.9470
  6.0252  -0.8944   4.1195
  5.9970   1.4721   4.7068
  6.0218   0.9939   5.0000
  6.0383   0.0667   4.5312
  6.0396   0.8736   4.6503
  6.0514  -0.7414   4.2805
  6.0505  -0.3885   4.4695
  6.0520   0.1642   4.5172
  6.0524   0.4445   4.7577
  6.0502   1.0371   4.8483
  6.0646  -0.3760   4.6904
  6.0558   1.3158   4.4112
  6.0761   0.8623   4.5172
  6.0839  -0.1039   4.2206
  6.0907  -0.1555   4.2101
  6.0995  -0.1539   4.3924
  6.0988   0.8555   4.8483
  6.1035  -0.5492   4.4112
  6.1041  -0.1464   4.9785
  6.1027   1.1888   4.7491
  6.1114   0.4143   4.5966
  6.1298   1.0870   4.9785
  6.1321   0.4085   4.3986
  6.1350  -0.3379   4.3924
  6.1389   0.0219   4.9367
  6.1434   0.1113   4.2805
  6.1486   0.2227   4.5526
  6.1524   1.0219   4.9064
  6.1653  -0.6315   4.3679
  6.1666  -0.3331   4.7068
  6.1695   0.5467   4.9785
  6.1744  -0.7223   4.7068
  6.1865  -0.7768   4.7405
  6.1878   0.7552   4.2917
  6.1950  -0.2405   5.0000
  6.1957   0.0982   4.1292
  6.1977   0.7738   4.1390
  6.2036  -0.2825   4.8203
  6.2048   0.0311   4.5034
  6.2078  -0.2348   4.4897
  6.2133   0.5125   4.9265
  6.2223   0.8102   4.9470
  6.2267   1.0237   4.8673
  6.2349  -0.4864   4.5670
  6.2587   1.0036   4.5383
  6.2727  -1.1118   5.0000
  6.2734   0.4388   4.6582
  6.2763   0.8969   4.8020
  6.2774  -0.0427   4.8577
  6.2789   0.9731   4.8769
  6.2802   0.1198   4.0095
  6.2828  -1.1244   4.5034
  0.0070  -1.3428   4.7841
  0.0086  -0.1045   4.4112
  0.0163  -0.2908   4.5526
  0.0196  -0.1656   4.9367
