  0.0249   0.2338   5.5103
  0.0273   1.0199   5.9601
  0.0276  -0.8539   5.6996
  0.0281   1.1204   5.5896
  0.0339  -0.3751   5.9393
  0.0352  -0.5667   5.6791
  0.0362  -0.1252   5.9894
  0.0394   0.3179   5.5296
  0.0408  -0.4540   5.4203
  0.0438   0.1945   5.5103
  0.0450   0.8041   5.0297
  0.0450  -0.0829   5.8407
  0.0438  -1.4273   5.2795
  0.0467  -0.1993   5.8502
  0.0505  -0.4573   5.4108
  0.0512  -0.6085   5.2504
  0.0531  -0.2803   5.2504
  0.0590   0.7162   5.7205
  0.0598  -0.4534   5.9393
  0.0631  -0.1085   5.1204
  0.0581  -1.4487   5.7701
  0.0654   0.1540   5.7901
  0.0650  -0.1471   5.7504
  0.0705  -0.5333   5.6690
  0.0740   1.0740   5.7396
  0.0748   0.8368   5.8889
  0.0813   0.5501   5.8694
  0.0890   0.5399   5.8988
  0.0906   0.5744   5.7901
  0.0899   0.1429   5.3703
  0.0922   0.6627   5.1803
  0.0901  -1.1934   5.5103
  0.0939  -0.4716   5.1803
  0.0950  -0.3481   5.1204
  0.0937  -1.3365   5.9707
  0.1059   0.9079   5.5692
  0.1082   1.0792   5.3997
  0.1095   0.9258   5.7396
  0.1108   0.0339   5.7701
  0.1189  -0.4268   5.9787
  0.1224   0.3123   5.0603
  0.1232   0.7748   5.1701
  0.1241  -0.6647   5.4300
  0.1323   1.0468   5.9393
  0.1314   0.5193   5.2301
  0.1311  -0.0357   5.7205
  0.1326  -0.3877   5.1906
  0.1328  -0.8340   5.6893
  0.1371   0.5861   5.8694
  0.1383   0.9222   5.6008
  0.1422   0.3542   5.3795
  0.1414   0.1214   5.6690
  0.1447   0.9581   5.9290
  0.1428  -1.0990   5.0905
  0.1470  -0.4964   5.5492
  0.1504  -0.9011   5.5692
  0.1538  -0.0420   5.1997
  0.1551   0.0088   5.9290
  0.1577   0.9454   5.0800
  0.1591   1.0529   5.7901
  0.1557  -0.8377   5.5103
  0.1605   0.7765   5.1302
  0.1605   0.2658   5.8889
  0.1630   0.6178   5.4795
  0.1629  -0.4055   5.5692
  0.1709   0.8614   5.4300
  0.1718   0.3709   5.8694
  0.1742   0.3742   5.3597
  0.1776  -0.0637   5.9088
  0.1794   0.6887   5.3299
  0.1765  -1.0218   5.8889
  0.1835   1.1545   5.8290
  0.1823  -0.9686   5.6996
  0.1863  -1.0426   5.9787
  0.1853  -1.1263   5.3904
  0.1939   0.8354   5.6690
  0.1992   1.3088   5.6590
  0.1929  -0.6559   5.8988
  0.1976   0.9638   5.4203
  0.1952  -0.3839   5.2396
  0.1961  -0.7212   5.9393
  0.2084   1.3063   5.4108
  0.1997  -0.8107   5.7992
  0.2016  -0.3749   5.4999
  0.2031   0.2701   5.3795
  0.2101   1.2684   5.8694
  0.2052   0.2090   5.4999
  0.2068   0.1176   5.9894
  0.2082  -0.3131   5.6996
  0.2095  -0.3539   5.5692
  0.2107   0.1274   5.9290
  0.2111   0.0922   5.7504
  0.2137   0.2957   5.0695
  0.2157  -0.2171   5.5896
  0.2148  -0.4165   5.8988
  0.2213   1.1213   5.3904
  0.2187  -0.1633   5.1906
  0.2120  -1.2754   5.0695
  0.2395   1.4610   5.6199
  0.2212  -0.8554   5.2194
  0.2298  -0.4188   5.4594
  0.2382   0.3349   5.7396
  0.2340  -1.0669   5.6996
  0.2398   0.4124   5.4694
  0.2431  -0.1161   5.8502
  0.2478   1.0535   5.5492
  0.2445  -0.1873   5.3094
  0.2400  -1.1951   5.4495
  0.2553   1.1581   5.9707
  0.2524   0.5060   5.4203
  0.2541   0.5926   5.9787
  0.2563  -0.1854   5.6103
  0.2675  -0.6472   5.5896
  0.2745   0.7216   5.9787
  0.2741   0.5551   5.4999
  0.2776   1.0660   5.9189
  0.2724  -0.5314   5.4999
  0.2751  -0.0552   5.4300
  0.2807   1.0748   5.8407
  0.2794   0.9163   5.9894
  0.2741  -0.7959   5.3597
  0.2840   0.2609   5.6791
  0.2866   0.3748   5.3402
  0.2866   0.3746   5.5601
  0.2884  -0.1424   5.5802
  0.2979   0.9585   5.1701
  0.2968   0.7669   5.0297
  0.2991   1.0169   5.7901
  0.2965   0.3620   5.5492
  0.2957  -0.1434   5.8197
  0.2983   0.0986   5.5208
  0.2958  -0.7071   5.2102
  0.2937  -1.0511   5.3703
  0.3154   1.3906   5.6393
  0.3083   1.2004   5.2894
  0.3046   0.3431   5.5492
  0.3068   0.7345   5.6491
  0.3068   0.4443   5.7992
  0.3117   1.1205   5.5492
  0.3128   1.1348   5.5692
  0.3079   0.0427   5.9497
  0.3105   0.6584   5.8105
  0.3103   0.5485   5.1600
  0.3130  -0.0305   5.9393
  0.3175  -0.6308   5.9189
  0.3217   0.1322   5.2396
  0.3234   0.2816   5.9787
  0.3246  -0.1061   5.1302
  0.3265   0.0170   5.6996
  0.3343  -0.0262   5.4108
  0.3395   0.0631   5.1600
  0.3482   0.0089   5.8694
  0.3540   0.5016   5.2301
  0.3651   0.6583   5.5802
  0.3640   0.3572   5.9707
  0.3644  -0.5071   5.8407
  0.3680  -0.0888   5.9088
  0.3695  -0.7070   5.4203
  0.3766   0.7585   5.9601
  0.3764   0.3346   5.3795
  0.3783   0.3358   5.4999
  0.3713  -1.1106   5.9290
  0.3790  -0.2259   5.6590
  0.3795  -0.5490   5.7901
  0.3981   1.2264   5.8105
  0.3931   0.8204   5.2698
  0.3910  -0.3555   5.1204
  0.3944  -0.4502   5.9290
  0.4077   1.0180   5.6996
  0.4002  -0.5187   5.8197
  0.4055  -0.6132   5.5103
  0.4114   0.6499   5.8791
  0.4089  -0.1217   5.7591
  0.4137   0.3222   5.8889
  0.4129  -0.2500   5.6295
  0.4209   0.8504   5.9189
  0.4299   1.2748   5.2795
  0.4185   0.3043   5.7992
  0.4188  -0.2548   5.4203
  0.4282   1.0119   5.5601
  0.4195  -0.4903   5.6893
  0.4237   0.2119   5.5692
  0.4296  -0.6191   5.9393
  0.4314  -0.3617   5.5802
  0.4349   0.2863   5.9707
  0.4392   0.7557   5.6103
  0.4465   1.1876   5.5896
  0.4491   1.2326   5.1803
  0.4435   0.5244   5.9894
  0.4354  -0.9739   5.8694
  0.4354  -0.9740   5.7591
  0.4453   0.6152   5.6393
  0.4509   1.0568   5.7789
  0.4439  -0.1863   5.7504
  0.4472   0.3538   5.2396
  0.4457  -0.5528   5.2504
  0.4453  -0.6138   5.7205
  0.4442  -1.0334   5.7100
  0.4472  -0.9121   5.5208
  0.4701   1.1144   5.6295
  0.4273  -1.4142   5.8694
  0.4625  -0.0745   5.3402
  0.4610  -0.4354   5.3094
  0.4629  -0.8584   5.4896
  0.4630  -0.9159   5.0398
  0.4741   0.6624   5.9393
  0.4720   0.2959   5.8407
  0.4743   0.5706   5.7901
  0.4253  -1.4526   5.6893
  0.4767   0.8360   5.8197
  0.4731   0.0643   5.9088
  0.4841   0.9064   5.8988
  0.4806   0.3888   5.8597
  0.4886   0.9625   5.5208
  0.4837   0.1927   5.9393
  0.4894   0.8865   5.7901
  0.4839  -0.8691   5.9393
  0.4943   0.7109   5.3997
  0.4925  -0.2630   5.7992
  0.5057   0.6506   5.8889
  0.5068   0.6502   5.6690
  0.4990  -0.7244   5.1096
  0.5055   0.4115   5.7396
  0.5120   0.3110   5.1000
  0.5137   0.4853   5.8197
  0.5220   1.1279   5.2601
  0.5173   0.8588   5.6893
  0.5218   0.3675   5.8694
  0.5460   1.3488   5.3795
  0.5243   0.0541   5.8791
  0.5226  -0.3347   5.4108
  0.5256  -0.1305   5.5103
  0.5221  -0.7325   5.5692
  0.5367   1.1238   5.5802
  0.5336   0.9510   5.0398
  0.5477   1.3285   5.2194
  0.5290  -0.5236   5.3506
  0.5325   0.0482   5.2301
  0.5365   0.5809   5.4999
  0.5349   0.2352   5.9393
  0.5310  -0.7555   5.1400
  0.5395   0.4527   5.6295
  0.5375   0.0022   5.4300
  0.5366  -0.2565   5.8597
  0.5402   0.0059   5.9290
  0.5396  -0.0680   5.6199
  0.5522   0.3953   5.0297
  0.5615   1.0197   5.6690
  0.5711   0.6814   5.6295
  0.5700   0.3403   5.6996
  0.5635  -0.7415   5.8502
  0.5731   0.1496   5.6295
  0.5742  -0.0030   5.9290
  0.5787   0.4218   5.9601
  0.5830   0.8913   5.3094
  0.5795   0.3702   5.2698
  0.5806   0.2667   5.7100
  0.5794  -0.0280   5.5402
  0.5804  -0.3665   5.8597
  0.5799  -0.5110   5.2795
  0.5931   0.5822   5.2795
  0.5924   0.4500   5.7901
  0.5922   0.4371   5.5802
  0.5870  -0.7127   5.9088
  0.6021   1.0105   5.7504
  0.6025   1.0039   5.9787
  0.5977  -0.0974   5.5103
  0.5858  -1.1547   5.5492
  0.6027   0.3473   5.6199
  0.6077   0.8269   5.2994
  0.6022   0.0307   5.5802
  0.6063   0.4999   5.0297
  0.5911  -1.1563   5.6893
  0.6151   0.8753   5.5896
  0.6211   0.9747   5.1701
  0.6232   0.7225   5.8197
  0.6105  -0.9434   5.8105
  0.6193   0.0069   5.2795
  0.6205   0.0154   5.4203
  0.6197  -0.1610   5.4594
  0.6200  -0.2851   5.8694
  0.6301   0.8728   5.1906
  0.6220  -0.3872   5.1997
  0.6236  -0.8885   5.9189
  0.6319   0.1852   5.4694
  0.6371  -0.2558   5.8290
  0.6434   0.5550   5.5402
  0.6396  -0.3483   5.8791
  0.6322  -1.0418   5.3506
  0.6234  -1.2628   5.0098
  0.6465   0.5178   5.2894
  0.6493   0.5224   5.8889
  0.6459  -0.5618   5.1400
  0.6569   0.4404   5.9189
  0.6637   0.6309   5.1499
  0.6611   0.0396   5.2504
  0.6670   0.6029   5.8290
  0.6639  -0.0168   5.3506
  0.6896   1.2709   5.1600
  0.6681  -0.5821   5.8988
  0.6877   1.1475   5.7789
  0.6791   0.6512   5.7100
  0.6797   0.6054   5.3506
  0.6751  -0.1072   5.7504
  0.6810   0.1202   5.8197
  0.6848   0.6760   5.8988
  0.6852   0.5980   5.2994
  0.6807  -0.1077   5.5296
  0.6834   0.2172   5.6791
  0.6832   0.1349   5.8105
  0.6814  -0.5228   5.7504
  0.6881  -0.0454   5.6491
  0.6849  -0.5833   5.7901
  0.6930   0.3833   5.4300
  0.7321   1.4215   5.7789
  0.6618  -1.3769   5.2795
  0.6908  -0.5202   5.8290
  0.6868  -0.8981   5.3094
  0.7011   0.4723   5.2994
  0.6990  -0.1492   5.7789
  0.7114   0.9618   5.7701
  0.7112   0.9342   5.8407
  0.7035   0.0121   5.7100
  0.7192   1.1838   5.9497
  0.7085   0.3493   5.6893
  0.7050  -0.2348   5.9787
  0.7160   0.7731   5.4300
  0.7010  -0.9329   5.2102
  0.7180   0.2672   5.7701
  0.7093  -0.8587   5.4108
  0.7198   0.2172   5.1803
  0.7354   0.3191   5.8197
  0.7504   1.2023   5.7992
  0.7364   0.4396   5.8597
  0.7219  -1.0873   5.7396
  0.7387   0.3048   5.2194
  0.7492   0.8175   5.8791
  0.7413  -0.4548   5.3904
  0.7483   0.2632   5.4896
  0.7428  -0.5961   5.9189
  0.7447  -0.5991   5.4694
  0.7375  -1.0680   5.2601
  0.7580   0.6691   5.3299
  0.7677   1.0737   5.5896
  0.7574  -0.3774   5.9497
  0.7574  -0.6556   5.9189
  0.7671   0.3199   5.9088
  0.7698   0.3146   5.6295
  0.7689   0.1463   5.9707
  0.7736   0.5574   5.1096
  0.7707  -0.0399   5.1701
  0.7770   0.3607   5.7992
  0.8121   1.3861   5.4896
  0.7740  -0.3864   5.4495
  0.7847   0.8242   5.4694
  0.7839   0.7162   5.8889
  0.7771  -0.3908   5.8407
  0.7892   0.9137   5.2795
  0.7797  -0.0212   5.2301
  0.7840  -0.0268   5.5601
  0.7837  -0.4315   5.7100
  0.7886   0.1897   5.9497
  0.7937   0.4619   5.8988
  0.8365   1.4219   5.9497
  0.7905  -0.1106   5.7504
  0.7958   0.0760   5.6103
  0.7938  -0.1403   5.8290
  0.7925  -0.4871   5.8889
  0.7972  -0.1102   5.3196
  0.8173   1.1180   5.8889
  0.8040  -0.1117   5.2601
  0.7982  -0.7858   5.8197
  0.8133   0.2302   5.6199
  0.8012  -1.0169   5.1096
  0.8140  -0.1032   5.2698
  0.7952  -1.2234   5.5296
  0.8273   0.5075   5.7205
  0.8319   0.2072   5.9787
  0.8388   0.4757   5.7901
  0.8439   0.8408   5.8988
  0.8397   0.1163   5.5601
  0.8741   1.3567   5.4495
  0.8411  -0.0140   5.0603
  0.8543   0.9973   5.7901
  0.9265   1.4820   5.6103
  0.8396  -0.7606   5.9290
  0.8561   0.8890   5.0297
  0.8523   0.5333   5.5208
  0.8402  -0.9892   5.7396
  0.8183  -1.3441   5.5692
  0.8630   0.7684   5.4694
  0.8629   0.6856   5.9601
  0.8667   0.8765   5.1499
  0.8689   0.8743   5.0297
  0.8656   0.0162   5.3795
  0.8641  -0.4748   5.9088
  0.8724   0.4725   5.8988
  0.8669  -0.3044   5.7100
  0.8615  -0.8072   5.8502
  0.8809   0.8564   5.9290
  0.8708  -0.4167   5.6103
  0.8780   0.3691   5.2795
  0.8629  -1.0721   5.5402
  0.8775   0.0642   5.6893
  0.8931   1.1272   5.2301
  0.8649  -1.0733   5.2396
  0.8867   0.8589   5.2894
  0.8823   0.4818   5.5208
  0.8847   0.3620   5.0905
  0.8788  -0.3903   5.5208
  0.8923   0.5853   5.6103
  0.8915   0.4315   5.4999
  0.8550  -1.3371   5.5208
  0.9114   0.8700   5.5802
  0.9091   0.5901   5.6103
  0.9005  -0.4657   5.9290
  0.9163   0.9678   5.0905
  0.9076  -0.1870   5.7289
  0.9190   0.8396   5.8197
  0.9056  -0.5990   5.7100
  0.9148  -0.0907   5.9894
  0.9181   0.1979   5.1400
  0.9146  -0.1977   5.5896
  0.9256   0.8382   5.4694
  0.8971  -1.1984   5.9601
  0.9222   0.4812   5.9601
  0.9196   0.1080   5.9393
  0.9269   0.8038   5.3094
  0.9322   0.9595   5.9787
  0.9279   0.6189   5.8988
  0.9159  -0.7220   5.7789
  0.9319   0.6964   5.8105
  0.9276   0.1636   5.7701
  0.9190  -0.8138   5.9894
  0.9357   0.4270   5.9189
  0.9276  -0.8661   5.6791
  0.9201  -1.1434   5.8290
  0.9423  -0.1886   5.5692
  0.9459   0.0103   5.7100
  0.9437  -0.2886   5.2301
  0.9693   1.1033   5.1000
  1.0909   1.5119   5.8597
  0.9533  -0.1153   5.8502
  0.9162  -1.3552   5.6996
  0.9556  -0.0763   5.9601
  0.9718   1.0467   5.7591
  0.9649   0.6559   5.5692
  0.9593   0.0534   5.5692
  0.9627  -0.0836   5.5296
  0.9862   1.1729   5.7992
  0.9700   0.3438   5.6893
  0.9797   0.6363   5.5896
  1.0002   1.2369   5.4397
  0.9755  -0.1661   5.6008
  0.9809   0.4239   5.4594
  0.9861   0.7973   5.6590
  0.9825   0.4335   5.6393
  0.9796  -0.0146   5.2504
  0.9815   0.0052   5.5492
  0.9857   0.4286   5.7591
  0.9847   0.1056   5.3506
  1.0019   1.1047   5.8502
  0.9868   0.1187   5.9088
  0.9829  -0.8140   5.7289
  0.9881  -0.5002   5.8988
  0.9964   0.4088   5.4495
  0.9960   0.1945   5.0695
  1.0039   0.7848   5.6590
  1.0016   0.5776   5.1096
  1.0000   0.4213   5.0905
  0.9934  -0.3862   5.2396
  0.9977   0.0040   5.9088
  0.9945  -0.5207   5.5402
  0.9974  -0.3333   5.8105
  1.0049   0.4464   5.2601
  0.9974  -0.6349   5.3997
  1.0118   0.5997   5.7701
  1.0198   1.0119   5.7992
  1.0195   0.8491   5.7591
  1.0123   0.1141   5.6690
  1.0174   0.3024   5.9707
  1.0153  -0.0810   5.4795
  1.0360   1.1008   5.0297
  1.0296   0.8355   5.3703
  1.0324   0.8848   5.2795
  1.0195  -0.5806   5.1096
  1.0318   0.6123   5.4896
  1.0191  -0.7873   5.9290
  1.0335   0.3923   5.6295
  1.0227  -0.6919   5.7100
  1.0910   1.4085   5.1000
  1.0423  -0.0791   5.8290
  1.0450  -0.1994   5.6008
  1.0507   0.3175   5.8889
  1.0736   1.1987   5.8694
  1.0666   1.0325   5.0603
  1.0549   0.1745   5.6690
  1.0539  -0.0079   5.2795
  1.0502  -0.5150   5.9290
  1.0586   0.0047   5.3795
  1.0662   0.4207   5.4694
  1.0635   0.0949   5.3299
  1.0644   0.1431   5.4594
  1.0654   0.0493   5.3597
  1.0705   0.3841   5.8988
  1.0663  -0.1956   5.6103
  1.0760   0.4817   5.1997
  1.0778   0.5062   5.2301
  1.0717  -0.4599   5.5896
  1.0848   0.6639   5.5103
  1.0821   0.3026   5.8889
  1.0872   0.3422   5.4999
  1.0866   0.2338   5.9497
  1.0951   0.5862   5.7205
  1.0945   0.4622   5.4108
  1.0878  -0.2725   5.3703
  1.1703   1.4627   5.5692
  1.0925  -0.0886   5.4397
  1.0967   0.0964   5.7205
  1.0943  -0.1253   5.6996
  1.0978  -0.3429   5.7901
  1.1781   1.4546   5.4594
  1.1209   1.0795   5.6996
  1.1063   0.1347   5.2894
  1.1220   1.0099   5.7100
  1.1201   0.9357   5.1906
  1.1109   0.1747   5.2194
  1.1652   1.4106   5.4300
  1.1374   1.1369   5.2698
  1.1311   0.8735   5.4495
  1.1274   0.3766   5.6491
  1.1228  -0.0965   5.9393
  1.1353   0.8887   5.5492
  1.1423   1.0600   5.3904
  1.1355   0.7297   5.9189
  1.1320   0.3690   5.3506
  1.1118  -1.0788   5.4495
  1.1328   0.3800   5.3795
  1.1426   0.9862   5.8791
  1.1343   0.2450   5.5896
  1.1371   0.2635   5.2601
  1.1375   0.1070   5.7701
  1.1376  -0.1118   5.8502
  1.1313  -0.7633   5.3402
  1.1408   0.0017   5.8597
  1.1373  -0.3379   5.3795
  1.1434   0.2457   5.7205
  1.1457   0.4473   5.3703
  1.1448   0.3634   5.9088
  1.1243  -1.0951   5.8694
  1.1499   0.3662   5.9894
  1.1494   0.2928   5.6393
  1.1540   0.5957   5.7289
  1.1546   0.5927   5.7591
  1.1513   0.1651   5.1204
  1.1505  -0.0393   5.1701
  1.1480  -0.4033   5.8290
  1.1561   0.3323   5.9787
  1.1581   0.3875   5.2795
  1.1611   0.5487   5.2795
  1.1427  -1.0928   5.2396
  1.1663   0.4014   5.5296
  1.1934   1.2659   5.9393
  1.1671   0.1957   5.8791
  1.1694   0.3773   5.7205
  1.1711   0.2573   5.8988
  1.1730   0.2277   5.0297
  1.1717   0.0241   5.5492
  1.1567  -1.0605   5.9393
  1.1870   0.9409   5.7701
  1.1722  -0.3236   5.9601
  1.1787   0.2729   5.5802
  1.1742  -0.2260   5.6008
  1.1257  -1.3925   5.6893
  1.1809   0.2739   5.4795
  1.1808   0.2395   5.3997
  1.1683  -1.0730   5.7504
  1.1810  -0.5995   5.9601
  1.2060   1.1216   5.9393
  1.1895  -0.0487   5.8105
  1.1817  -0.7513   5.0695
  1.1983   0.5055   5.8791
  1.1962   0.0972   5.6791
  1.1952  -0.0918   5.7205
  1.1964  -0.1356   5.1096
  1.1964  -0.1227   5.2601
  1.1387  -1.4036   5.7901
  1.2216   0.9333   5.3506
  1.2213   0.9264   5.0500
  1.2096   0.0174   5.3094
  1.2142   0.3610   5.9189
  1.2137   0.2798   5.7901
  1.2113  -0.0266   5.2301
  1.1937  -1.0677   5.7901
  1.2180   0.2758   5.0695
  1.2178   0.1374   5.3904
  1.2278   0.8430   5.6690
  1.2169  -0.2073   5.0098
  1.2220   0.2129   5.4594
  1.2188  -0.2381   5.4495
  1.2298   0.6681   5.9894
  1.2275   0.4994   5.7789
  1.2076  -1.0808   5.3997
  1.2364   0.8722   5.8694
  1.2344   0.7569   5.2894
  1.2222  -0.4105   5.5802
  1.2307  -0.6433   5.0500
  1.2411   0.1945   5.3997
  1.2396  -0.1308   5.8988
  1.2355  -0.5102   5.6791
  1.2567   0.9906   5.2994
  1.2398  -0.3025   5.5296
  1.2511   0.7036   5.9707
  1.2338  -0.8643   5.3094
  1.2480   0.2043   5.3703
  1.2439  -0.3616   5.7205
  1.3105   1.4171   5.0695
  1.2745   1.1084   5.4397
  1.2624   0.5688   5.8597
  1.2619   0.5487   5.5802
  1.2407  -1.0170   5.2698
  1.2549  -0.2629   5.5103
  1.2704   0.8507   5.6590
  1.2593  -0.0755   5.7789
  1.2590  -0.2735   5.7701
  1.2351  -1.2055   5.5402
  1.2714   0.3288   5.1000
  1.2662  -0.2755   5.0297
  1.2776   0.7433   5.7100
  1.2775   0.4869   5.9707
  1.2874   0.9645   5.5208
  1.2718  -0.5776   5.8597
  1.2921   0.9227   5.7504
  1.2801   0.0438   5.3299
  1.2694  -0.9170   5.6103
  1.2862   0.1994   5.1906
  1.2863   0.1358   5.3299
  1.2865   0.0082   5.9894
  1.2908   0.2625   5.8105
  1.2877  -0.2663   5.6996
  1.2885  -0.2720   5.7205
  1.2933  -0.0843   5.5103
  1.2975   0.2994   5.4795
  1.2994   0.4180   5.7901
  1.3293   1.2927   5.9601
  1.3010   0.4372   5.8105
  1.3103   0.6876   5.9497
  1.3047  -0.2727   5.6590
  1.3083  -0.1699   5.3795
  1.3170   0.0126   5.9189
  1.3358   1.0293   5.0800
  1.3210  -0.0662   5.8502
  1.3184  -0.4490   5.0197
  1.2880  -1.2752   5.4694
  1.3210  -0.3701   5.7504
  1.3194  -0.5276   5.9393
  1.3630   1.2906   5.4300
  1.3260  -0.4121   5.6103
  1.3213  -0.8526   5.3795
  1.3320  -0.4511   5.7289
  1.3385  -0.0584   5.1204
  1.3431   0.3564   5.2994
  1.3444   0.4235   5.4999
  1.3436   0.3788   5.8889
  1.3307  -0.8451   5.0297
  1.3434   0.1483   5.3402
  1.3414  -0.2009   5.9707
  1.3557   0.8196   5.6791
  1.3454  -0.1280   5.7789
  1.3497   0.1716   5.4300
  1.3471  -0.0619   5.1204
  1.3209  -1.2337   5.3094
  1.3885   1.2788   5.7396
  1.3600   0.2800   5.1803
  1.4074   1.3828   5.0500
  1.3584  -0.0263   5.8988
  1.3603   0.0181   5.8889
  1.3587  -0.1772   5.6791
  1.3420  -1.0926   5.1997
  1.3649  -0.1037   5.9088
  1.3762   0.5705   5.0197
  1.3733   0.0900   5.4999
  1.3801   0.5989   5.9601
  1.3040  -1.4230   5.8502
  1.3791   0.1979   5.5601
  1.3979   1.0935   5.6103
  1.3722  -0.5938   5.7591
  1.3887   0.7469   5.4795
  1.3762  -0.4373   5.0695
  1.3919   0.5890   5.4108
  1.3861  -0.2178   5.4999
  1.3973   0.7171   5.5208
  1.3963   0.5927   5.0297
  1.3927   0.0453   5.3402
  1.3912  -0.3119   5.9601
  1.4041   0.7296   5.2301
  1.4114   1.0043   5.2795
  1.4016   0.5161   5.7591
  1.3962  -0.2039   5.2994
  1.3936  -0.4648   5.9894
  1.4086   0.7161   5.5402
  1.4038   0.1471   5.7992
  1.4029   0.0073   5.6791
  1.3935  -0.8621   5.4495
  1.4040  -0.4054   5.0603
  1.4165   0.5435   5.9393
  1.4107  -0.1324   5.8988
  1.4124   0.0028   5.6996
  1.4115  -0.2107   5.2504
  1.4158   0.0156   5.0800
  1.4158  -0.2622   5.6491
  1.4111  -0.6688   5.7100
  1.4260   0.6002   5.9393
  1.4182  -0.1688   5.6103
  1.4406   1.1007   5.4203
  1.4274   0.5272   5.7396
  1.4296   0.6017   5.0695
  1.4275   0.3135   5.4203
  1.4224  -0.3195   5.8889
  1.4301   0.2771   5.4999
  1.4313   0.3009   5.7701
  1.4367   0.4390   5.4694
  1.4272  -0.6817   5.8694
  1.4372  -0.0446   5.7901
  1.4418   0.2681   5.9393
  1.4395   0.0312   5.7789
  1.4323  -0.6417   5.5692
  1.4238  -0.9964   5.1400
  1.4453   0.0575   5.4594
  1.4497   0.2977   5.4594
  1.4448  -0.3340   5.5492
  1.4406  -0.8189   5.4594
  1.4553   0.3236   5.6893
  1.4516  -0.0071   5.3506
  1.4569   0.2497   5.6393
  1.4686   0.9500   5.7289
  1.4553  -0.0147   5.3402
  1.4469  -0.7692   5.8597
  1.4586   0.0657   5.3597
  1.4576  -0.0092   5.9290
  1.4637   0.4196   5.3795
  1.4524  -0.6543   5.4795
  1.4623   0.1734   5.6103
  1.4535  -0.6084   5.7789
  1.4627   0.1787   5.6008
  1.4618  -0.1046   5.6690
  1.4629  -0.0805   5.1302
  1.4634  -0.0800   5.0800
  1.4646  -0.0549   5.2601
  1.4711   0.4699   5.8290
  1.4707   0.2974   5.5402
  1.4708   0.1926   5.9393
  1.4628  -0.5746   5.7789
  1.4687  -0.1036   5.7205
  1.4776   0.5322   5.3997
  1.4942   1.1466   5.6008
  1.4530  -1.1130   5.3402
  1.4749   0.1316   5.8791
  1.4805   0.5099   5.9601
  1.4824   0.4520   5.1803
  1.4776  -0.0947   5.9601
  1.4737  -0.4767   5.3094
  1.4780  -0.6858   5.8197
  1.4481  -1.3205   5.1906
  1.4883   0.0059   5.9290
  1.4828  -0.5475   5.4495
  1.4606  -1.2612   5.7789
  1.4933  -0.3775   5.8694
  1.5119   0.9794   5.9393
  1.5093   0.8696   5.4694
  1.4934  -0.5818   5.2894
  1.4982  -0.3044   5.7289
  1.5135   0.1662   5.7901
  1.5123   0.0204   5.9497
  1.5150   0.2529   5.7205
  1.5160   0.3094   5.4896
  1.5172   0.2426   5.2894
  1.5097  -0.5532   5.1701
  1.5185   0.1126   5.2698
  1.5210  -0.0682   5.9707
  1.5117  -0.7924   5.3094
  1.5314   0.4881   5.5601
  1.5274   0.1723   5.7992
  1.5293   0.2497   5.5208
  1.5281   0.0772   5.9707
  1.5255  -0.2359   5.4896
  1.4712  -1.3881   5.6491
  1.5293   0.0353   5.9787
  1.5267  -0.3670   5.8694
  1.5488   1.0452   5.1997
  1.5388   0.5920   5.9787
  1.5331  -0.1131   5.3506
  1.5375   0.2473   5.5896
  1.5364  -0.1564   5.9707
  1.5489   0.5533   5.8988
  1.5310  -0.9057   5.1701
  1.5487   0.3447   5.9189
  1.5383  -0.6348   5.6295
  1.5526   0.3521   5.3997
  1.5267  -1.1362   5.1096
  1.5478  -0.1785   5.6590
  1.5512  -0.0591   5.8694
  1.5374  -0.9921   5.9393
  1.5554   0.1660   5.9894
  1.5569   0.2011   5.8694
  1.5680   0.8713   5.8889
  1.5484  -0.6640   5.5692
  1.5544  -0.3693   5.9601
  1.5549  -0.5344   5.4999
  1.5483  -0.8965   5.2894
  1.5659   0.2236   5.6996
  1.5638   0.0321   5.8988
  1.5751   0.8360   5.7289
  1.5657   0.0097   5.2194
  1.5783   0.8545   5.9601
  1.5667  -0.1473   5.0297
  1.5759   0.5417   5.9787
  1.5648  -0.7673   5.8105
  1.5284  -1.3725   5.4694
  1.5859   0.3437   5.1400
  1.5764  -0.5600   5.5492
  1.5929   0.7502   5.8694
  1.5744  -0.8863   5.6690
  1.5850  -0.4488   5.0398
  1.5892  -0.0923   5.2102
  1.5995   0.6717   5.3597
  1.5925   0.0946   5.6690
  1.5925   0.0726   5.6295
  1.5897  -0.5555   5.6491
  1.5946  -0.1703   5.8694
  1.6144   1.0286   5.3597
  1.5998  -0.0664   5.3795
  1.5912  -0.7840   5.9290
  1.5946  -0.6019   5.7992
  1.5993  -0.3995   5.4694
  1.5974  -0.4929   5.8105
  1.6269   1.1470   5.3196
  1.6012  -0.3523   5.7789
  1.6044  -0.3287   5.3094
  1.6124   0.3873   5.9290
  1.6016  -0.5880   5.8290
  1.6133   0.4034   5.7504
  1.6099   0.0436   5.7289
  1.6036  -0.6414   5.0197
  1.6099  -0.3765   5.4999
  1.6052  -0.7304   5.4999
  1.6126  -0.2342   5.5601
  1.6211   0.4262   5.7992
  1.6135  -0.3705   5.7100
  1.6246   0.5706   5.7789
  1.6233   0.3454   5.7504
  1.5977  -1.1512   5.7100
  1.6016  -1.0794   5.0500
  1.6169  -0.4685   5.7205
  1.6392   1.0472   5.3506
  1.6152  -0.6920   5.5802
  1.6226  -0.0951   5.0500
  1.6340   0.3125   5.8791
  1.6315  -0.0394   5.8290
  1.6356   0.3343   5.1997
  1.6089  -1.1721   5.0603
  1.6369   0.2417   5.9088
  1.6381   0.2817   5.2994
  1.6346  -0.0599   5.8290
  1.6395   0.2191   5.3299
  1.6387   0.0089   5.6491
  1.6384  -0.0538   5.9894
  1.6425   0.2142   5.0398
  1.6369  -0.3443   5.9088
  1.6375  -0.3058   5.9894
  1.6395  -0.2144   5.0098
  1.6199  -1.1242   5.0098
  1.6455   0.1735   5.3904
  1.6412  -0.2685   5.9189
  1.6461   0.0890   5.7100
  1.6671   1.0362   5.9393
  1.6480  -0.2650   5.1400
  1.6155  -1.2784   5.0905
  1.6451  -0.6329   5.5296
  1.6658   0.9329   5.3597
  1.6457  -0.6414   5.8694
  1.6503  -0.3147   5.5208
  1.6530  -0.1503   5.3597
  1.6584   0.2557   5.6893
  1.6536  -0.3329   5.8105
  1.6568  -0.1078   5.2698
  1.6567  -0.5865   5.7789
  1.6642  -0.1785   5.6393
  1.6940   1.2311   5.9707
  1.6607  -0.5909   5.5296
  1.6861   0.9824   5.6393
  1.6878   1.0196   5.2102
  1.6763  -0.1827   5.2194
  1.6808   0.1237   5.9787
  1.6752  -0.4262   5.6295
  1.6811   0.0165   5.8694
  1.6756  -0.6160   5.6199
  1.6708  -0.9709   5.6103
  1.6739  -0.9044   5.9787
  1.6871  -0.0086   5.8694
  1.7051   1.0151   5.8791
  1.6954   0.5322   5.5492
  1.6901   0.0508   5.5492
  1.6896   0.0052   5.1997
  1.6897   0.0048   5.5492
  1.7019   0.8148   5.8988
  1.6928  -0.0565   5.0603
  1.6765  -1.0423   5.7992
  1.6831  -0.8347   5.7591
  1.6696  -1.1871   5.5601
  1.6966  -0.1216   5.3997
  1.6966  -0.1216   5.6008
  1.6957  -0.2886   5.7701
  1.7474   1.3613   5.7289
  1.6958  -0.5520   5.7396
  1.7025  -0.1731   5.9290
  1.6889  -1.0123   5.8197
  1.7124   0.5664   5.8694
  1.7096   0.2015   5.2301
  1.6820  -1.1922   5.3795
  1.7077  -0.2026   5.1499
  1.7051  -0.4578   5.9290
  1.7097  -0.1369   5.4300
  1.7118   0.0848   5.8407
  1.7009  -0.8685   5.2698
  1.7121  -0.0721   5.6008
  1.7070  -0.6063   5.8407
  1.6994  -0.9625   5.2194
  1.7174   0.2471   5.5296
  1.7352   1.0730   5.9393
  1.7175  -0.0136   5.1000
  1.7477   1.2523   5.9189
  1.7133  -0.5580   5.6893
  1.7244   0.4891   5.2698
  1.7120  -0.6336   5.2396
  1.7074  -0.8757   5.6008
  1.7725   1.3887   5.4495
  1.7350   0.9924   5.8502
  1.7303   0.6710   5.2894
  1.7248   0.1743   5.8791
  1.7247   0.0155   5.7992
  1.7184  -0.6243   5.4203
  1.7103  -0.9991   5.6996
  1.7217  -0.5460   5.6199
  1.7304  -0.0836   5.5208
  1.7395   0.6875   5.6893
  1.7402   0.6964   5.1997
  1.7295  -0.3026   5.6996
  1.7253  -0.6147   5.5896
  1.7383   0.5059   5.7901
  1.7313  -0.2213   5.9707
  1.7332  -0.6110   5.7100
  1.7357  -0.5526   5.2698
  1.7444   0.2266   5.9707
  1.7588   0.7771   5.0197
  1.7441  -0.5154   5.7100
  1.7501   0.0086   5.7901
  1.7558   0.3080   5.2102
  1.7538  -0.1542   5.1906
  1.7751   0.9978   5.3506
  1.7612   0.0686   5.8988
  1.7661   0.5056   5.4397
  1.7747   0.7606   5.2504
  1.7788   0.8515   5.2194
  1.7931   1.1794   5.1400
  1.7648  -0.5398   5.1997
  1.7739   0.1499   5.9290
  1.7715  -0.2305   5.3196
  1.7688  -0.5272   5.9189
  1.7694  -0.5070   5.7992
  1.7743  -0.1727   5.6590
  1.7752  -0.2369   5.2894
  1.7786  -0.1222   5.0695
  1.8051   1.2023   5.1204
  1.7876   0.5691   5.7100
  1.7816  -0.0119   5.7504
  1.7711  -0.9004   5.7992
  1.7923   0.7292   5.0197
  1.7774  -0.6295   5.2601
  1.7882   0.2828   5.8502
  1.8024   1.0376   5.3299
  1.7858  -0.0302   5.7396
  1.7844  -0.2593   5.3904
  1.7753  -0.8855   5.3997
  1.7908   0.2341   5.6491
  1.7772  -0.9505   5.6103
  1.7957   0.3798   5.2698
  1.7926   0.0094   5.7701
  1.7977   0.4119   5.6491
  1.7906  -0.2952   5.7901
  1.7907  -0.5287   5.6996
  1.7886  -0.7921   5.1400
  1.8013   0.1463   5.7701
  1.7964  -0.6243   5.9601
  1.7455  -1.3821   5.6393
  1.8034  -0.3310   5.6393
  1.8175   0.8076   5.8694
  1.8121   0.4429   5.7289
  1.8082  -0.0152   5.4495
  1.8192   0.8152   5.8597
  1.8385   1.2358   5.6791
  1.8195   0.5878   5.8889
  1.8110  -0.3420   5.7396
  1.8170   0.1738   5.9189
  1.8142  -0.3675   5.2994
  1.7953  -1.2049   5.3997
  1.8220  -0.4079   5.4594
  2.0093   1.5188   5.0695
  1.8280   0.0629   5.9707
  1.8337   0.2806   5.6791
  1.8265  -0.4291   5.5896
  1.8257  -0.5915   5.0603
  1.8343  -0.1325   5.9601
  1.8431   0.4226   5.1803
  1.8432   0.3099   5.9393
  1.8426   0.2677   5.7396
  1.8438   0.2910   5.8197
  1.8411  -0.0747   5.1997
  1.8374  -0.4326   5.6295
  1.8479   0.5120   5.9290
  1.8470   0.1595   5.9707
  1.8484   0.1911   5.1302
  1.8494   0.2198   5.9787
  1.8363  -0.8831   5.1400
  1.8504  -0.0816   5.6199
  1.8596   0.6017   5.5492
  1.8319  -1.1534   5.1701
  1.8573   0.1603   5.7789
  1.8648   0.5936   5.9088
  1.8503  -0.7272   5.1997
  1.8499  -0.7399   5.5402
  1.8468  -1.0266   5.4999
  1.8617  -0.1869   5.3904
  1.8667   0.1304   5.7504
  1.8514  -0.9643   5.1701
  1.8691   0.2780   5.4397
  1.8176  -1.3715   5.4495
  1.8648  -0.3868   5.7100
  1.8637  -0.6825   5.7901
  1.8641  -0.8732   5.9601
  1.8823   0.4687   5.7789
  1.8910   0.8976   5.4694
  1.8750  -0.4323   5.6893
  1.8869   0.4211   5.8502
  1.8823   0.0053   5.4495
  1.8776  -0.4627   5.4594
  1.9020   1.0409   5.1997
  1.8836  -0.3337   5.8407
  1.8858  -0.4199   5.9189
  1.8797  -0.8215   5.1400
  1.9017   0.8245   5.5802
  1.8898  -0.1876   5.7789
  1.8967   0.4343   5.8197
  1.8868  -0.6188   5.9601
  1.8861  -0.6894   5.3094
  1.8961   0.2115   5.6199
  1.8951   0.0543   5.3506
  1.8945  -0.0366   5.7504
  1.8948  -0.1405   5.8988
  1.8706  -1.2131   5.6893
  1.9092   0.9099   5.9189
  1.9022   0.4869   5.7100
  1.9009   0.1392   5.8197
  1.8917  -0.7568   5.1000
  1.8974  -0.4706   5.5802
  1.9135   0.8633   5.0500
  1.9012  -0.1643   5.9497
  1.9113   0.7135   5.7789
  1.8996  -0.5116   5.3597
  1.9035  -0.2516   5.4594
  1.8978  -0.7082   5.9393
  1.8970  -0.7880   5.7205
  1.8996  -0.8988   5.9707
  1.9047  -0.6577   5.7992
  1.9060  -0.6180   5.0297
  1.9035  -0.7893   5.6590
  1.9255   0.7894   5.7701
  1.9171   0.0478   5.8889
  1.9190   0.1247   5.9088
  1.9324   0.9648   5.4495
  1.9149  -0.4436   5.2795
  1.9175  -0.2724   5.6996
  1.9114  -0.7333   5.8502
  1.9139  -0.6154   5.1096
  1.9136  -0.6770   5.2504
  1.9288   0.6416   5.1302
  1.9284   0.3568   5.1000
  1.9241  -0.2381   5.4495
  1.9288   0.0031   5.9894
  1.9245  -0.4208   5.8694
  1.9415   0.9056   5.7992
  1.9379   0.7099   5.1906
  1.9350   0.4372   5.0297
  1.9304  -0.0701   5.8197
  1.9227  -0.9061   5.3904
  1.9397   0.4824   5.7591
  1.9330  -0.5249   5.4300
  1.9415   0.2037   5.2994
  1.9351  -0.4567   5.3795
  1.9353  -0.5550   5.3904
  1.9402  -0.2757   5.3299
  1.9673   1.1949   5.6393
  1.9423  -0.2138   5.7789
  1.9454  -0.0737   5.9707
  1.9405  -0.5269   5.3506
  1.9501   0.3536   5.9290
  1.9435  -0.4325   5.7789
  1.9585   0.8410   5.7205
  1.9536   0.3743   5.2194
  1.9632   0.8669   5.3597
  1.9549   0.1212   5.2504
  1.9510  -0.2816   5.6295
  1.9504  -0.3999   5.6103
  1.9491  -0.5910   5.8988
  1.9606   0.4908   5.0500
  1.9542  -0.1823   5.7901
  1.9535  -0.3690   5.9497
  1.9627   0.4872   5.0098
  1.9476  -0.8898   5.1000
  1.9547  -0.5034   5.5402
  1.9605  -0.0017   5.5896
  1.9610  -0.1126   5.8597
  1.9607  -0.1688   5.7504
  1.9595  -0.5331   5.7701
  1.9595  -0.6490   5.4300
  1.9714   0.2982   5.4203
  1.9727   0.0334   5.2504
  1.9726  -0.1243   5.8988
  1.9635  -0.8962   5.8694
  1.9792   0.2762   5.2504
  1.9774   0.0574   5.5896
  1.9657  -0.9355   5.9601
  1.9931   0.9731   5.9189
  1.9859   0.5404   5.3299
  1.9780  -0.3244   5.6590
  1.9773  -0.4065   5.8502
  1.9821   0.0588   5.8105
  1.9920   0.8060   5.6491
  1.9823  -0.3932   5.8290
  1.9823  -0.3931   5.8694
  1.9803  -0.6224   5.5402
  1.9980   0.8513   5.9189
  1.9835  -0.4710   5.7701
  1.9922   0.1023   5.9088
  1.9444  -1.3772   5.5296
  1.9900  -0.2357   5.6996
  2.0008   0.6117   5.5601
  1.9953  -0.0679   5.1302
  1.9927  -0.3194   5.7396
  2.0082   0.6692   5.7289
  2.0048   0.3085   5.0500
  2.0124   0.8401   5.5601
  1.9929  -0.8233   5.7205
  2.0114   0.4018   5.8889
  2.0016  -0.6196   5.7992
  1.9997  -0.8273   5.6791
  2.0081  -0.3201   5.9290
  2.0060  -0.6608   5.7289
  2.0062  -0.6587   5.7591
  2.0153   0.2353   5.7701
  2.0141   0.0633   5.9393
  2.0161   0.2480   5.5601
  2.0249   0.8802   5.2698
  2.0362   1.1424   5.9189
  2.0126  -0.6539   5.4203
  2.0251   0.4500   5.3094
  2.0194  -0.4477   5.6393
  2.0211  -0.6274   5.6008
  2.0200  -0.7824   5.0603
  2.0362   0.6548   5.1803
  2.0233  -0.6818   5.1701
  2.0271  -0.4071   5.6199
  2.0253  -0.6272   5.7992
  2.0345   0.1879   5.2994
  2.0271  -0.6293   5.8791
  2.0399   0.5832   5.1400
  2.0335  -0.0912   5.4896
  2.0331  -0.2345   5.0398
  2.0315  -0.5904   5.3703
  2.0341  -0.6295   5.8791
  2.0386  -0.3749   5.8988
  2.0418  -0.2061   5.4795
  2.0395  -0.6543   5.0800
  2.0400  -0.7922   5.2301
  2.0465  -0.4030   5.3299
  2.0494  -0.2927   5.1803
  2.0515  -0.1539   5.6103
  2.0475  -0.6066   5.9290
  2.0490  -0.5709   5.6008
  2.0592   0.3373   5.9894
  2.0473  -0.7879   5.8407
  2.0582   0.0308   5.1400
  2.0469  -0.9702   5.5896
  2.0585  -0.2112   5.1701
  2.0713   0.8302   5.4495
  2.0582  -0.3635   5.6295
  2.0473  -1.0422   5.7789
  2.0525  -0.8638   5.9088
  2.0630  -0.0798   5.7591
  2.0609  -0.2296   5.6893
  2.0952   1.2901   5.4108
  2.0606  -0.5811   5.0098
  2.0494  -1.1485   5.7901
  2.1153   1.3872   5.4203
  2.0641  -0.6220   5.4300
  2.0755   0.3470   5.3506
  2.0749   0.1547   5.8597
  2.0616  -0.9361   5.6996
  2.0690  -0.5955   5.4896
  2.0813   0.2756   5.7789
  2.0880   0.2883   5.9894
  2.0721  -0.9895   5.6295
  2.1003   1.0306   5.7701
  2.0872   0.0388   5.2894
  2.0812  -0.7418   5.3506
  2.0826  -0.7660   5.0905
  2.0783  -1.0380   5.7396
  2.0851  -0.7753   5.1701
  2.0904  -0.3960   5.1096
  2.0985   0.4432   5.8290
  2.0978   0.3021   5.5492
  2.1010   0.2872   5.9894
  2.0998   0.0852   5.6491
  2.0902  -0.7816   5.9894
  2.0847  -1.0419   5.6008
  2.0921  -0.6755   5.2396
  2.0893  -1.0328   5.8105
  2.0928  -1.0370   5.1701
  2.1015  -0.6408   5.9497
  2.0980  -0.9398   5.8694
  2.1078  -0.5504   5.8197
  2.1064  -0.7102   5.5208
  2.1165   0.2290   5.1204
  2.1219   0.3951   5.9894
  2.1130  -0.5467   5.3094
  2.1383   1.0166   5.9290
  2.1283   0.3767   5.2994
  2.1149  -0.8624   5.9497
  2.1165  -0.9231   5.5296
  2.1503   1.1951   5.3196
  2.1262  -0.3394   5.3795
  2.1235  -0.7807   5.0500
  2.1400   0.4452   5.7289
  2.1357  -0.2749   5.6791
  2.1548   0.9853   5.8502
  2.1409  -0.2129   5.5402
  2.1344  -0.8258   5.6996
  2.1363  -0.7658   5.2102
  2.1477   0.3080   5.6295
  2.1448  -0.1087   5.3597
  2.1368  -0.8039   5.2301
  2.1518   0.5176   5.6393
  2.1796   1.3222   5.5402
  2.1361  -0.9759   5.6590
  2.1432  -0.8297   5.8197
  2.1468  -0.7916   5.7591
  2.1722   1.0397   5.6393
  2.1846   1.2637   5.9787
  2.1554  -0.6227   5.0800
  2.1564  -0.6023   5.7789
  2.1538  -0.7855   5.1302
  2.1786   1.0910   5.7100
  2.1536  -0.8692   5.5103
  2.1572  -0.7708   5.8290
  2.1836   1.0078   5.8889
  2.1747  -0.1984   5.9787
  2.1610  -1.0661   5.1600
  2.1819   0.4750   5.1400
  2.1832   0.3621   5.8290
  2.1742  -0.6030   5.5802
  2.1840   0.4193   5.9787
  2.1983   0.9289   5.5103
  2.1876  -0.3477   5.5802
  2.1743  -1.1238   5.0695
  2.1900  -0.2865   5.7504
  2.1876  -0.6199   5.1997
  2.1963   0.3200   5.9497
  2.1943  -0.1127   5.9601
  2.1940  -0.4477   5.8988
  2.1869  -0.9779   5.9707
  2.2017  -0.0393   5.6103
  2.1944  -0.9054   5.8502
  2.1809  -1.2302   5.3703
  2.1817  -1.2304   5.6491
  2.2243   1.1746   5.8791
  2.2099   0.4868   5.5692
  2.2061   0.0367   5.7289
  2.2075   0.1320   5.1302
  2.2031  -0.3987   5.6791
  2.2037  -0.4181   5.2795
  2.2110   0.2209   5.4999
  2.2075  -0.2281   5.9787
  2.2098  -0.0351   5.5896
  2.2033  -0.7196   5.9787
  2.2109  -0.2001   5.5402
  2.2073  -0.7304   5.4694
  2.2057  -0.8774   5.1701
  2.2193   0.2480   5.9497
  2.1907  -1.2671   5.2894
  2.2165  -0.6089   5.7504
  2.2072  -1.1065   5.9707
  2.2149  -0.9235   5.0905
  2.2454   1.1370   5.4694
  2.2319   0.4203   5.7504
  2.2215  -0.7651   5.7901
  2.2323   0.3158   5.3506
  2.2213  -0.8041   5.3299
  2.2380   0.6635   5.8988
  2.2274  -0.5557   5.6491
  2.2242  -0.7971   5.9894
  2.2371   0.3568   5.3299
  2.2319  -0.3215   5.4203
  2.2134  -1.2201   5.5296
  2.2459   0.6356   5.7789
  2.2415   0.0830   5.8694
  2.2429  -0.0323   5.8105
  2.2344  -0.9213   5.6893
  2.2412  -0.6484   5.9601
  2.2654   1.1348   5.6393
  2.2006  -1.3803   5.6893
  2.2508   0.1155   5.9894
  2.2492  -0.1050   5.7205
  2.2618   0.9320   5.6590
  2.2492  -0.4391   5.9601
  2.2563   0.1685   5.8791
  2.2459  -0.8387   5.0098
  2.2658   0.9200   5.9088
  2.2616   0.5725   5.9393
  2.2509  -0.8557   5.7992
  2.2482  -1.0084   5.2601
  2.2596  -0.4493   5.2698
  2.2734   0.8000   5.3703
  2.2651  -0.3724   5.0500
  2.2572  -1.0672   5.4694
  2.2703  -0.6935   5.1997
  2.2663  -0.9173   5.4795
  2.2688  -0.9241   5.1906
  2.2715  -0.7821   5.7100
  2.2702  -0.9248   5.6103
  2.2829   0.2213   5.6393
  2.2737  -0.8217   5.8988
  2.2774  -0.7782   5.2301
  2.2649  -1.2150   5.1997
  2.2788  -0.8360   5.5103
  2.2897   0.1760   5.6590
  2.2790  -0.9233   5.5208
  2.2849  -0.8409   5.1600
  2.2953  -0.0341   5.6996
  2.2902  -0.6432   5.7591
  2.2992   0.2114   5.8694
  2.3006  -0.0018   5.2894
  2.2973  -0.7695   5.4594
  2.3008  -0.8001   5.7504
  2.3098  -0.0446   5.3094
  2.2747  -1.3445   5.4694
  2.3273   1.0814   5.7289
  2.3211   0.7632   5.1499
  2.3221   0.7909   5.9894
  2.3220   0.7331   5.9894
  2.3119  -0.5449   5.2102
  2.3127  -0.4981   5.8694
  2.3110  -0.6925   5.4795
  2.3238   0.5668   5.6590
  2.3239   0.4945   5.9497
  2.3194  -0.1191   5.5402
  2.3150  -0.7936   5.1000
  2.3415   1.1276   5.5802
  2.3311   0.5337   5.3904
  2.3248  -0.6506   5.8197
  2.3196  -0.9838   5.5896
  2.3151  -1.1381   5.3506
  2.3241  -0.8315   5.9088
  2.3373   0.4874   5.2194
  2.2948  -1.3700   5.7901
  2.3424   0.7964   5.7396
  2.3410   0.7017   5.8889
  2.3384   0.2029   5.4108
  2.3293  -0.8112   5.3299
  2.3353  -0.3099   5.7504
  2.3429   0.5744   5.4495
  2.3292  -1.0410   5.7789
  2.3442   0.2674   5.1997
  2.3412  -0.2669   5.9601
  2.3457   0.2719   5.6690
  2.3352  -0.9256   5.7100
  2.3542   0.5658   5.1997
  2.3507  -0.2769   5.8597
  2.3472  -0.8278   5.8694
  2.3623   0.5629   5.8197
  2.3513  -0.8162   5.1803
  2.3737   0.9474   5.7504
  2.3681   0.4268   5.4495
  2.3648   0.0084   5.6690
  2.3536  -1.0283   5.1600
  2.3682   0.1274   5.8502
  2.3621  -0.7005   5.5492
  2.3798   0.8470   5.9497
  2.3595  -1.0304   5.7901
  2.3638  -0.9043   5.2301
  2.3928   1.1672   5.1400
  2.3612  -1.1749   5.8791
  2.3911   0.5176   5.4300
  2.3900   0.1862   5.2396
  2.3948   0.5914   5.9290
  2.3945   0.4648   5.9787
  2.3970   0.3848   5.1400
  2.3942  -0.1293   5.6008
  2.3963  -0.2032   5.7701
  2.3958  -0.3084   5.7289
  2.4026   0.5404   5.9497
  2.3980  -0.1259   5.4594
  2.3996  -0.5172   5.5896
  2.4255   1.2731   5.9601
  2.4188   1.0720   5.1302
  2.4164   0.7543   5.3196
  2.4085  -0.3186   5.7289
  2.4066  -0.7927   5.7901
  2.4253   0.9903   5.2698
  2.4108  -0.7398   5.5692
  2.4227   0.6045   5.9707
  2.4226   0.2608   5.3402
  2.4154  -0.8144   5.9189
  2.4179  -0.7654   5.8502
  2.4126  -1.0225   5.5402
  2.4191  -0.7465   5.2504
  2.4326   0.8171   5.9707
  2.4214  -0.6353   5.8597
  2.3417  -1.4720   5.4203
  2.4186  -0.9500   5.2698
  2.4290  -0.0986   5.2396
  2.4290  -0.1266   5.4694
  2.4366   0.6172   5.7504
  2.4309  -0.2343   5.8407
  2.4277  -0.7633   5.1204
  2.4302  -0.6737   5.3299
  2.4510   0.9896   5.4694
  2.4352  -0.8892   5.2601
  2.4415  -0.2472   5.7789
  2.4378  -0.8803   5.8694
  2.4316  -1.1748   5.3904
  2.4322  -1.2759   5.2894
  2.4324  -1.2787   5.8597
  2.4515  -0.7296   5.5802
  2.4539  -0.8020   5.7504
  2.4515  -0.9509   5.6295
  2.4670  -0.0852   5.5896
  2.4613  -1.0533   5.9894
  2.4813   0.7959   5.4108
  2.4774  -0.1035   5.3795
  2.4672  -1.0481   5.7701
  2.4710  -0.9184   5.1096
  2.4804   0.1581   5.4108
  2.4805   0.1429   5.7100
  2.4836  -0.3360   5.6590
  2.4902   0.5874   5.8502
  2.5084   1.2602   5.7205
  2.4938   0.6127   5.3703
  2.4867  -0.4435   5.4795
  2.4887  -0.2517   5.8502
  2.4818  -1.0773   5.9189
  2.4745  -1.2287   5.4694
  2.4956   0.1696   5.0695
  2.4806  -1.1397   5.9088
  2.4875  -0.8811   5.4495
  2.4938  -0.5258   5.9290
  2.4939  -0.5984   5.8694
  2.4888  -1.0060   5.8791
  2.4616  -1.3825   5.3597
  2.4973  -0.3246   5.7396
  2.4999  -0.2179   5.9393
  2.4972  -0.6868   5.3506
  2.5011  -0.3645   5.0098
  2.5021  -0.3689   5.9088
  2.5069  -0.0713   5.5601
  2.5118   0.6250   5.4108
  2.5034  -0.8551   5.1204
  2.5052  -0.8857   5.0098
  2.5164   0.5439   5.5601
  2.4941  -1.2727   5.4694
  2.5284   1.1741   5.9393
  2.5178   0.2869   5.6893
  2.5236   0.7023   5.2504
  2.5177  -0.4312   5.6996
  2.5184  -0.5554   5.6295
  2.5197  -0.6266   5.9787
  2.5405   1.2084   5.6893
  2.5436   1.2610   5.1701
  2.5185  -0.9134   5.4495
  2.5221  -0.7472   5.4999
  2.5321  -0.2385   5.0603
  2.5377   0.5459   5.8889
  2.5395   0.6939   5.6199
  2.5041  -1.3798   5.1096
  2.5462   0.5232   5.6393
  2.5338  -0.9777   5.3196
  2.5353  -0.9903   5.7992
  2.5470   0.2447   5.3506
  2.5592   0.9971   5.1997
  2.5469  -0.9095   5.5601
  2.5576   0.1171   5.7901
  2.5586   0.2061   5.6295
  2.5586   0.0312   5.6491
  2.5682   0.8032   5.0905
  2.5591  -0.7548   5.5492
  2.5720  -0.6425   5.9707
  2.5741  -0.7726   5.0800
  2.5826   0.4258   5.3196
  2.5584  -1.3129   5.4495
  2.5774  -0.7865   5.7289
  2.5853  -0.1378   5.0500
  2.5802  -0.7995   5.6199
  2.5796  -1.0223   5.7901
  2.5784  -1.0691   5.5692
  2.5906   0.1040   5.9497
  2.5993   0.8695   5.2698
  2.6109   1.2720   5.8290
  2.6059   1.0021   5.9290
  2.5911  -0.8876   5.9290
  2.5931  -0.7804   5.7100
  2.6024   0.1559   5.8502
  2.5955  -0.8684   5.7205
  2.6079   0.7166   5.1400
  2.6031  -0.5687   5.8407
  2.6102   0.2172   5.2601
  2.6174   0.9916   5.4795
  2.6163   0.5174   5.7289
  2.6131  -0.5953   5.2301
  2.6224   0.5572   5.3597
  2.6303   0.3831   5.6590
  2.6381   0.9406   5.7396
  2.6267  -1.0399   5.9393
  2.6357  -0.3124   5.8597
  2.6370  -0.4139   5.6996
  2.6450  -0.8138   5.0800
  2.6492  -0.2942   5.6008
  2.6212  -1.4274   5.5208
  2.6622  -0.1325   5.9088
  2.6621  -0.1952   5.3094
  2.6669   0.6528   5.8502
  2.6560  -1.1202   5.2795
  2.6657  -0.1323   5.6491
  2.6589  -1.0551   5.6008
  2.6644  -0.7031   5.9787
  2.6595  -1.1749   5.8105
  2.6739   0.0805   5.7701
  2.6694  -1.0112   5.7205
  2.6781  -0.6921   5.8988
  2.6764  -0.8860   5.2795
  2.6768  -0.8769   5.7789
  2.6889   0.5116   5.3506
  2.6769  -1.1454   5.1600
  2.6967   1.1364   5.8197
  2.6902   0.4102   5.9707
  2.6909   0.4428   5.8407
  2.6908   0.2396   5.4108
  2.6857  -0.7485   5.6008
  2.6932   0.4033   5.8197
  2.6949  -0.1384   5.2396
  2.7099   1.1999   5.9601
  2.6971  -0.4714   5.3402
  2.6986  -0.7039   5.9601
  2.6993  -0.9755   5.8105
  2.7475   1.4705   5.4999
  2.7012  -1.1052   5.6690
  2.7065  -0.8081   5.6491
  2.7148   0.7196   5.7591
  2.7188   0.5918   5.8988
  2.7233   0.5885   5.4999
  2.7203  -0.0685   5.9707
  2.7536   1.4409   5.2601
  2.7205  -0.6631   5.3299
  2.7282   0.1533   5.6103
  2.7303  -0.1211   5.5692
  2.7270  -1.0022   5.9497
  2.7350  -0.9272   5.5802
  2.7494   0.6794   5.7701
  2.7466  -0.0220   5.2102
  2.7466  -0.4946   5.5802
  2.7471  -0.5130   5.5601
  2.7502   0.0111   5.0905
  2.7440  -1.1140   5.2894
  2.7532  -0.2166   5.5802
  2.7570   0.5651   5.8988
  2.7585   0.2467   5.4594
  2.7574  -0.7842   5.7396
  2.7642   0.6107   5.5802
  2.7601  -0.7571   5.9088
  2.7714   0.9963   5.1600
  2.7618  -0.8202   5.0197
  2.7664  -0.3884   5.0800
  2.7698   0.1214   5.0800
  2.7709   0.1510   5.6690
  2.7716  -0.6709   5.3795
  2.7774  -0.2054   5.6996
  2.7765  -1.0199   5.0800
  2.7886   0.9367   5.5208
  2.7887   0.6617   5.8502
  2.7814  -0.9995   5.4495
  2.7840  -0.9904   5.9088
  2.8004   1.1946   5.7504
  2.8010   1.1470   5.1204
  2.7881  -0.9980   5.9189
  2.7933  -1.1327   5.5208
  2.8088   0.9983   5.7992
  2.8057   0.4595   5.5103
  2.8080   0.8064   5.1803
  2.8074   0.4047   5.0800
  2.8071   0.0829   5.7901
  2.8044  -0.5460   5.6393
  2.8042  -1.0260   5.3795
  2.8181   0.5355   5.2396
  2.8093  -1.1127   5.7701
  2.8006  -1.3651   5.9707
  2.8205   0.3297   5.4896
  2.8205   0.2477   5.4795
  2.8225  -0.2915   5.4203
  2.8199  -1.1080   5.3402
  2.8209  -1.1124   5.2301
  2.8229  -0.9642   5.2301
  2.8304  -0.0007   5.9290
  2.8285  -0.5290   5.8791
  2.8329   0.1840   5.3402
  2.8155  -1.3881   5.4694
  2.8350  -0.1422   5.8597
  2.8413   0.9875   5.6690
  2.8422   1.0353   5.5802
  2.8375  -0.1240   5.7901
  2.8359  -0.5924   5.6103
  2.8335  -1.0241   5.9088
  2.8409  -0.0507   5.9497
  2.8515   1.2192   5.9290
  2.8518   0.9527   5.1000
  2.8471  -0.9906   5.2504
  2.8514  -0.3466   5.2396
  2.8524  -0.0327   5.4495
  2.8549  -0.2137   5.6590
  2.8578   0.5940   5.7205
  2.8612   0.5848   5.0297
  2.8523  -1.2092   5.9894
  2.8611   0.0129   5.9088
  2.8558  -1.0502   5.9290
  2.8624   0.1080   5.8105
  2.8592  -1.0382   5.9189
  2.8673  -0.8593   5.9088
  2.8775   0.7056   5.0500
  2.8809   0.7946   5.4694
  2.8764  -0.5631   5.7100
  2.8777  -0.2731   5.8889
  2.8835   0.6844   5.0800
  2.8806  -0.2429   5.8791
  2.8797  -0.7364   5.8105
  2.8940  -0.1867   5.4999
  2.8955   0.0000   5.9497
  2.8995  -0.8085   5.6690
  2.9012  -0.5968   5.4300
  2.9058  -0.4662   5.7100
  2.9099   0.0341   5.5208
  2.9115  -0.7219   5.1499
  2.9096  -1.2064   5.5692
  2.9183   0.4304   5.6791
  2.9205   0.6337   5.7396
  2.9179  -0.4873   5.4397
  2.9219   0.7541   5.8889
  2.9172  -1.0481   5.1302
  2.9229  -0.5521   5.8105
  2.9346  -0.8534   5.3597
  2.9376  -0.7614   5.7992
  2.9354  -1.1140   5.2301
  2.9398   0.0012   5.4203
  2.9410   0.1407   5.7901
  2.9394  -0.9210   5.7591
  2.9388  -1.0189   5.7396
  2.9490   0.2323   5.3196
  2.9527   0.8635   5.8791
  2.9552   0.0351   5.1803
  2.9623   0.0288   5.9088
  2.9639  -1.1068   5.9894
  2.9817  -0.3005   5.0905
  2.9807  -0.9638   5.7901
  2.9847   0.0246   5.3904
  2.9817  -1.1003   5.1096
  2.9888   0.1995   5.7992
  2.9853  -1.2522   5.5896
  2.9930   0.9748   5.7504
  2.9915   0.2872   5.5692
  2.9910  -0.6272   5.2194
  2.9913  -0.6327   5.8889
  2.9920  -1.0826   5.1701
  2.9958  -1.0626   5.2994
  2.9983  -0.2032   5.9393
  2.9967  -0.9222   5.8105
  3.0067   1.0782   5.8290
  3.0066   0.6866   5.3094
  3.0045  -0.7213   5.0800
  3.0094   0.2690   5.7396
  3.0091  -0.4108   5.7591
  3.0130   0.7535   5.9393
  3.0128   0.3213   5.5208
  3.0209   1.0661   5.4795
  3.0184  -1.0220   5.1302
  3.0186  -1.0207   5.1499
  3.0206  -0.5015   5.8105
  3.0206  -0.5016   5.6393
  3.0229  -0.1077   5.9497
  3.0229  -0.6905   5.6393
  3.0209  -1.1351   5.8988
  3.0234  -0.5395   5.0398
  3.0265  -0.6879   5.3904
  3.0297   0.0534   5.7701
  3.0312   0.2932   5.9497
  3.0329   0.9562   5.6295
  3.0303  -0.5440   5.9787
  3.0371   1.2099   5.1997
  3.0323  -0.8528   5.4999
  3.0335  -0.8138   5.7100
  3.0382   0.4849   5.7992
  3.0366  -0.8091   5.2504
  3.0394  -0.5660   5.7396
  3.0385  -1.0637   5.8290
  3.0413  -1.0597   5.1499
  3.0437  -0.8073   5.4397
  3.0471   0.7614   5.5896
  3.0424  -1.2933   5.6491
  3.0476   0.1420   5.3597
  3.0448  -1.1585   5.9601
  3.0461  -1.0502   5.1499
  3.0485  -0.2234   5.4795
  3.0521  -1.1275   5.1701
  3.0578   0.3727   5.2601
  3.0589   0.5969   5.3299
  3.0574  -0.9081   5.9601
  3.0612   0.5541   5.7289
  3.0601  -0.7488   5.5492
  3.0619  -0.5498   5.2194
  3.0651   1.1649   5.2994
  3.0694  -0.6425   5.9787
  3.0697  -1.0736   5.0297
  3.0793  -0.7734   5.2894
  3.0845   0.9709   5.2698
  3.0863  -0.9827   5.4108
  3.0889   0.1439   5.3196
  3.0920   0.2493   5.8791
  3.0925  -0.4407   5.1096
  3.0966   0.6097   5.6996
  3.0999  -1.0708   5.6996
  3.1025  -0.0814   5.6393
  3.1053  -0.5090   5.8502
  3.1074  -0.9601   5.5692
  3.1185  -0.4239   5.2994
  3.1200   0.1474   5.5802
  3.1198  -1.0947   5.9088
  3.1227   0.2731   5.5296
  3.1227  -0.4804   5.9290
  3.1240   0.9878   5.8407
  3.1242  -0.2941   5.1803
  3.1314  -1.0743   5.5692
  3.1340  -0.9718   5.4397
  3.1363  -1.1111   5.6103
  3.1385   0.5789   5.9601
  3.1414   0.0638   5.3703
  3.1448  -0.1667   5.5492
  3.1453  -0.3201   5.2601
  3.1488   0.6291   5.5896
  3.1508   0.7513   5.2102
  3.1531  -1.2009   5.8889
  3.1576  -0.7255   5.1499
  3.1603   0.3745   5.8694
  3.1619  -1.1811   5.3506
  3.1624  -1.3174   5.0398
  3.1632  -1.0303   5.9601
  3.1645   1.3423   5.7992
  3.1758  -1.3026   5.1803
  3.1776  -0.8257   5.3402
  3.1804  -0.7623   5.7504
  3.1805  -0.7115   5.4795
  3.1839   0.0331   5.9497
  3.1855   0.1014   5.7205
  3.1899  -0.3909   5.4594
  3.1933   0.4515   5.6590
  3.1946   0.3585   5.5692
  3.1956  -1.0655   5.9189
  3.1948   1.3547   5.1400
  3.2002  -0.6470   5.7591
  3.2002   0.1791   5.8502
  3.2029  -0.7728   5.3094
  3.2070  -0.3343   5.8290
  3.2077   1.2252   5.7100
  3.2114   0.2600   5.1000
  3.2120   0.7097   5.6590
  3.2179   0.9284   5.8105
  3.2180   0.5050   5.6996
  3.2231   0.0137   5.8988
  3.2238   1.3118   5.3795
  3.2280   0.8549   5.2894
  3.2296  -0.3809   5.9707
  3.2303   0.4646   5.5402
  3.2313  -0.3802   5.2102
  3.2329  -0.2170   5.1400
  3.2326   1.0099   5.5492
  3.2374  -0.9708   5.9189
  3.2381  -1.1603   5.1499
  3.2385  -1.1815   5.7396
  3.2412  -0.9830   5.3904
  3.2435  -0.4042   5.6791
  3.2445  -0.6037   5.3196
  3.2452  -0.6473   5.7901
  3.2477   0.4555   5.1803
  3.2515  -0.1813   5.9497
  3.2523  -0.6076   5.7289
  3.2509   0.9910   5.8105
  3.2544   0.6810   5.0197
  3.2588  -0.5440   5.5492
  3.2615  -0.9950   5.4999
  3.2620   0.9724   5.6996
  3.2654  -0.6800   5.4397
  3.2677   0.4523   5.2894
  3.2701   0.4208   5.4795
  3.2720  -0.9682   5.7992
  3.2713   0.3647   5.6893
  3.2738  -0.3893   5.6295
  3.2723   1.0194   5.3506
  3.2769   0.4288   5.4594
  3.2798  -1.0223   5.4795
  3.2819  -1.2741   5.8791
  3.2809  -1.0907   5.9497
  3.2838  -0.2119   5.7396
  3.2881  -0.1949   5.5802
  3.2890  -0.1492   5.4795
  3.2884   0.5803   5.4203
  3.2930  -0.7562   5.7701
  3.2949   0.3207   5.0197
  3.2949   0.3819   5.8502
  3.2976  -0.7152   5.1302
  3.2988  -0.6655   5.7992
  3.3021  -0.0727   5.8694
  3.3004   1.0382   5.4999
  3.3029   0.2983   5.6791
  3.3061  -0.4688   5.4495
  3.3090   0.0324   5.7100
  3.3120  -0.5162   5.8889
  3.3123   0.3676   5.4594
  3.3222  -0.8003   5.8407
  3.3217  -0.2266   5.9787
  3.3246   0.1188   5.5896
  3.3285  -1.0985   5.3094
  3.3320  -0.0074   5.9290
  3.3336  -0.4830   5.4795
  3.3379   0.6855   5.9497
  3.3406   0.1339   5.2194
  3.3439   0.1665   5.6690
  3.3457  -0.5705   5.8597
  3.3451   0.2893   5.1204
  3.3480   1.0957   5.8889
  3.3530  -0.4608   5.6590
  3.3587  -1.2220   5.5492
  3.3492   1.1657   5.4300
  3.3550   0.2465   5.6996
  3.3539   1.0528   5.8502
  3.3567   0.4809   5.7789
  3.3815  -1.4814   5.4594
  3.3640  -0.8938   5.7289
  3.3605   0.6548   5.8889
  3.3654  -1.0414   5.7205
  3.3683  -0.6688   5.9787
  3.3731  -0.9259   5.9290
  3.3744  -1.0415   5.7591
  3.3764  -1.0406   5.8988
  3.3559   1.4559   5.8502
  3.3564   1.4558   5.2795
  3.3799  -0.9919   5.1701
  3.3815  -0.7653   5.8889
  3.3830  -0.7171   5.4694
  3.3882  -1.2534   5.9290
  3.3857  -0.9628   5.3196
  3.3813   0.8237   5.8407
  3.3906  -0.8867   5.1600
  3.3860   0.6687   5.6008
  3.3836   1.1421   5.2396
  3.3872   0.9442   5.8197
  3.4019  -0.0382   5.7901
  3.4060  -0.0459   5.9894
  3.4030   1.1623   5.3196
  3.4085   0.2989   5.9601
  3.4198  -0.3389   5.5802
  3.4321  -0.7053   5.5896
  3.4284   0.6248   5.2504
  3.4357  -1.0147   5.9894
  3.4290   0.7901   5.6295
  3.4311   0.3692   5.9894
  3.4312   0.3947   5.6008
  3.4367  -0.9170   5.7100
  3.4388  -1.1291   5.5103
  3.4378  -0.1616   5.1906
  3.4407  -0.1224   5.5492
  3.4436   0.1749   5.7789
  3.4460  -0.1688   5.9393
  3.4461   0.2941   5.9088
  3.4551  -1.1878   5.9088
  3.4470   0.3059   5.2194
  3.4470   0.3059   5.2194
  3.4520  -0.7290   5.7901
  3.4473   0.6719   5.9088
  3.4531  -0.7441   5.2504
  3.4657  -1.3536   5.8502
  3.4593  -1.1480   5.8988
  3.4560  -0.2758   5.0398
  3.4618  -0.8604   5.8889
  3.4581   0.2017   5.7701
  3.4654  -1.0004   5.8889
  3.4653  -0.3154   5.3299
  3.4676  -0.8211   5.8889
  3.4668   0.1978   5.6690
  3.4731  -0.3152   5.2194
  3.4712   0.7131   5.7901
  3.4771  -0.5322   5.1000
  3.4786  -0.7334   5.8407
  3.4766   0.1645   5.2194
  3.4787   0.2387   5.3299
  3.4840   0.5951   5.8197
  3.4830   0.8671   5.1499
  3.4934  -0.8945   5.4795
  3.4949  -0.7875   5.7701
  3.4920   0.7008   5.6008
  3.5006  -0.9044   5.8290
  3.4980   0.0364   5.6893
  3.5001   0.0900   5.8694
  3.5130  -1.2760   5.0500
  3.5038  -0.2839   5.3703
  3.5051  -0.0537   5.8889
  3.5135  -1.1085   5.3094
  3.5161  -1.2108   5.6690
  3.5105  -0.0844   5.7504
  3.5130   0.4163   5.7789
  3.5174  -0.6675   5.0905
  3.5177  -0.0141   5.9707
  3.5209  -0.7069   5.6893
  3.5200  -0.1971   5.2504
  3.5180   0.8033   5.8791
  3.5318  -0.8872   5.0603
  3.5174   1.2635   5.7901
  3.5309   0.1888   5.6491
  3.5820  -1.4698   5.5802
  3.5275   1.0463   5.3997
  3.5210   1.3726   5.7701
  3.5456  -0.4766   5.6893
  3.5468  -0.2555   5.5492
  3.5472  -0.1717   5.2102
  3.5547  -0.2232   5.9088
  3.5523   0.9660   5.6008
  3.5584  -0.0804   5.7289
  3.5657  -1.0526   5.6295
  3.5653  -0.7654   5.9787
  3.5640  -0.4451   5.7789
  3.5666  -0.7954   5.8988
  3.5648   0.4296   5.7396
  3.5723  -0.4964   5.8290
  3.5787  -1.1069   5.7901
  3.5771  -0.6972   5.6008
  3.5761   0.1876   5.5692
  3.5656   1.2434   5.4999
  3.5867  -0.9986   5.3795
  3.5855  -0.9327   5.0098
  3.5758   0.9237   5.4594
  3.5809   0.3483   5.7504
  3.5825   0.3926   5.6199
  3.5850  -0.1274   5.0098
  3.5907  -0.7086   5.9787
  3.5939  -0.7319   5.9787
  3.5913   0.0618   5.3597
  3.5898   0.6107   5.9787
  3.5845   1.1314   5.8502
  3.5975  -0.2761   5.6008
  3.6024  -0.4518   5.8105
  3.6038  -0.2020   5.5103
  3.6082  -0.6239   5.1499
  3.6105  -0.8683   5.9088
  3.6113  -0.8671   5.4495
  3.6051   0.7171   5.8694
  3.6055   0.6720   5.9393
  3.6103  -0.2817   5.4300
  3.6073   0.4486   5.9497
  3.5895   1.3625   5.9088
  3.6085   0.6727   5.4999
  3.6067   0.9500   5.6996
  3.6462  -1.4195   5.9497
  3.6294  -1.1973   5.7504
  3.6156   0.5444   5.6199
  3.5883   1.4443   5.9787
  3.6294  -0.7872   5.7701
  3.6306  -0.8934   5.2504
  3.6205   1.0732   5.9601
  3.6266   0.6050   5.8694
  3.6378  -0.9185   5.8889
  3.6426  -1.1580   5.7100
  3.6370  -0.5993   5.5402
  3.6356   0.3130   5.6996
  3.6354   0.5000   5.8988
  3.6443  -0.9048   5.7100
  3.6421  -0.0087   5.1499
  3.6384   0.9377   5.6996
  3.6492  -0.7925   5.8290
  3.6498   0.0183   5.9088
  3.6502   0.4798   5.0098
  3.6587  -0.4019   5.1499
  3.6621  -0.8662   5.9088
  3.6690  -1.1472   5.9707
  3.6593   0.3787   5.7591
  3.6652  -0.4362   5.7701
  3.6884  -1.3125   5.4999
  3.6710   0.1552   5.9894
  3.6756  -0.4637   5.4795
  3.6802  -0.9737   5.9189
  3.6945  -0.1516   5.4594
  3.6998   0.7654   5.2698
  3.7014   0.8632   5.2504
  3.7231  -0.9134   5.5601
  3.7209  -0.4667   5.0800
  3.7187   0.0421   5.0098
  3.7304  -0.9933   5.0695
  3.7249   0.0148   5.9088
  3.7294  -0.7010   5.6103
  3.7378  -1.1417   5.7504
  3.7267   0.2262   5.5402
  3.7300   0.1763   5.2894
  3.7324  -0.3107   5.4300
  3.7178   1.2118   5.2396
  3.7628  -1.3944   5.0603
  3.7353   0.3301   5.9787
  3.7518  -1.0599   5.2301
  3.7414   0.2664   5.7992
  3.7465  -0.3017   5.8988
  3.7482  -0.4221   5.8694
  3.7498  -0.6457   5.9393
  3.7532  -0.7495   5.5601
  3.7493   0.2270   5.4108
  3.7505  -0.0303   5.1400
  3.7626  -0.5797   5.5601
  3.7747  -1.1834   5.6103
  3.7672   0.1474   5.1204
  3.7700   0.1439   5.9497
  3.7734  -0.4048   5.3196
  3.7835  -1.1201   5.8502
  3.7707   0.1016   5.1000
  3.7839  -0.8005   5.8290
  3.7806   0.3356   5.3904
  3.8017  -1.1569   5.8290
  3.7904  -0.0890   5.4203
  3.7967  -0.7798   5.4999
  3.7976  -0.8462   5.3703
  3.7954   0.0145   5.9393
  3.8012  -0.6480   5.9707
  3.7901   0.8700   5.5896
  3.8115  -0.9251   5.8694
  3.8114  -0.8957   5.8694
  3.8072   0.3885   5.9189
  3.8202  -0.7066   5.8694
  3.8071   0.9669   5.7591
  3.8237  -0.7986   5.5492
  3.8255  -0.6944   5.7396
  3.8281  -0.8005   5.4108
  3.8164   0.8616   5.7396
  3.8320   0.3194   5.9088
  3.8319   0.7617   5.6996
  3.8442  -0.6260   5.6690
  3.8321   0.9429   5.8502
  3.8346   0.7750   5.3904
  3.8428   0.2362   5.9088
  3.8429   0.2865   5.8791
  3.8473   0.2035   5.5601
  3.8628  -1.0668   5.3597
  3.8538  -0.4015   5.7289
  3.8560   0.7061   5.7289
  3.8680  -0.8126   5.7396
  3.8704  -0.9009   5.2102
  3.8664  -0.3988   5.8105
  3.8779  -1.1416   5.9088
  3.8637   0.0125   5.6893
  3.8615   0.4725   5.1204
  3.8706  -0.6581   5.9393
  3.8663   0.2641   5.6295
  3.8719  -0.4254   5.6295
  3.8735  -0.4523   5.2396
  3.8744  -0.4425   5.7701
  3.8974  -1.2708   5.6008
  3.8804  -0.4145   5.6791
  3.8804  -0.2417   5.3094
  3.9350  -1.4446   5.6491
  3.8946  -1.0854   5.8694
  3.8864  -0.2444   5.1499
  3.8832   0.4994   5.7992
  3.8804   0.8049   5.7396
  3.8845   0.4173   5.8502
  3.8820   0.8503   5.6893
  3.9177  -1.3149   5.3402
  3.8855   0.6505   5.4795
  3.8958  -0.6318   5.0297
  3.9478  -1.4480   5.6491
  3.9077  -1.0452   5.1997
  3.9278  -1.3411   5.9290
  3.9023  -0.4077   5.2994
  3.9036  -0.5707   5.8197
  3.9127  -1.0685   5.1096
  3.8896   1.0349   5.4594
  3.9025  -0.1763   5.7992
  3.9108  -0.8934   5.3795
  3.9756  -1.4523   5.9088
  3.9084  -0.5610   5.3196
  3.9119  -0.8050   5.6393
  3.9129  -0.1848   5.4594
  3.9105   0.2521   5.7701
  3.9159  -0.3593   5.7396
  3.9163   0.0029   5.5296
  3.9148   0.2860   5.7100
  3.9211  -0.4598   5.6491
  3.9112   0.8662   5.6295
  3.9222  -0.1895   5.8694
  3.9243   0.0797   5.9290
  3.9323  -0.6622   5.8889
  3.9253   0.6853   5.6393
  3.9328  -0.0217   5.5208
  3.9362  -0.4876   5.8502
  3.9479  -1.1165   5.1701
  3.9349   0.0025   5.7100
  3.9400  -0.5473   5.4397
  3.8848   1.4401   5.6393
  3.9502  -0.7144   5.1499
  3.9333   1.0508   5.9290
  3.9405   0.6145   5.5103
  3.9594  -0.8537   5.7701
  3.9556  -0.5076   5.9601
  3.9684  -1.1679   5.7591
  3.9559  -0.2748   5.1997
  3.9628  -0.6879   5.7901
  3.9647  -0.7179   5.8502
  3.9507   0.8404   5.5692
  3.9544   0.9522   5.2504
  3.9712  -0.6494   5.9787
  3.9762  -0.9539   5.5402
  3.9636   0.4590   5.6690
  3.9645   0.4382   5.8105
  3.9720  -0.4480   5.7591
  3.9895  -1.2203   5.8105
  3.9792  -0.8248   5.6893
  3.9797   0.3312   5.8889
  3.9876  -0.4504   5.8407
  3.9995  -1.0314   5.7289
  3.9964  -0.8365   5.9497
  4.0009  -1.0305   5.0905
  3.9971  -0.7070   5.1600
  3.9885   0.5548   5.9894
  3.9933   0.0862   5.3299
  3.9902   0.5090   5.2601
  3.9985  -0.3770   5.4999
  3.9960   0.0065   5.6295
  4.0091  -1.0385   5.4594
  4.0096  -0.6844   5.5896
  4.0074   0.0081   5.8889
  3.9909   1.1754   5.1302
  4.0073   0.3591   5.6996
  4.0113   0.0308   5.0603
  4.0221  -0.8322   5.6491
  4.0281  -1.0357   5.6690
  4.0192  -0.0729   5.5402
  4.0149   0.5169   5.5103
  4.0188   0.0125   5.3506
  4.0415  -1.1814   5.8889
  4.0016   1.2536   5.0197
  4.0146   0.9068   5.6590
  4.0222   0.5748   5.3703
  4.0350  -0.6683   5.3703
  4.0311  -0.2030   5.7205
  4.0472  -1.1077   5.7100
  4.0257   0.6908   5.4999
  4.0282   0.5286   5.5802
  4.1158  -1.4580   5.5692
  4.0645  -1.2673   5.4896
  4.0257   1.0829   5.9787
  4.0461  -0.6149   5.4495
  4.0258   1.1055   5.7901
  4.0395   0.2693   5.1701
  4.0417   0.5993   5.4594
  4.0553  -0.7901   5.2396
  4.0503  -0.2667   5.6393
  4.0519   0.0322   5.1701
  4.0608  -0.2686   5.8197
  4.0485   1.0589   5.8988
  4.0693  -0.3199   5.5208
  4.0619   0.7127   5.0197
  4.0706  -0.2644   5.4999
  4.0755  -0.6970   5.8197
  4.0708  -0.0142   5.5103
  4.0657   0.7138   5.0197
  4.0781  -0.4879   5.1499
  4.0773  -0.1539   5.1701
  4.1031  -1.2663   5.6491
  4.0850  -0.7610   5.4300
  4.0619   1.1207   5.7901
  4.1099  -1.3250   5.9497
  4.0964  -0.9011   5.4397
  4.0808   0.6809   5.1096
  4.0862   0.1747   5.2601
  4.1013  -1.0139   5.9497
  4.0862   0.2813   5.9290
  4.0919  -0.3990   5.7789
  4.0940  -0.3662   5.8407
  4.0809   0.9411   5.9707
  4.0968  -0.3263   5.3795
  4.0839   0.9535   5.7396
  4.0920   0.7043   5.2396
  4.0908   0.9514   5.8694
  4.0940   0.8168   5.7504
  4.0988   0.6394   5.0695
  4.0953   0.8801   5.8407
  4.1130  -0.6384   5.2396
  4.1093   0.2242   5.3299
  4.0913   1.2092   5.6199
  4.1099   0.3223   5.8105
  4.1206  -0.7013   5.9393
  4.1193  -0.2501   5.4108
  4.1191   0.0439   5.8791
  4.1189   0.5675   5.5601
  4.1139   0.9139   5.5103
  4.1250   0.0951   5.5802
  4.1309  -0.5815   5.6103
  4.1281  -0.0034   5.3997
  4.1457  -0.9214   5.7701
  4.1333   0.2464   5.7100
  4.1450  -0.8218   5.8407
  4.1500  -0.9590   5.7289
  4.1406  -0.0381   5.5296
  4.1302   0.9682   5.9189
  4.1389   0.4914   5.8502
  4.1306   1.0926   5.1906
  4.1348   0.9665   5.8597
  4.1464   0.0383   5.2301
  4.1691  -1.1763   5.0905
  4.1482   0.2641   5.1997
  4.1507  -0.0508   5.1096
  4.1693  -1.0441   5.7701
  4.1597  -0.3461   5.0297
  4.1718  -1.0388   5.7591
  4.1622  -0.4096   5.3904
  4.1623  -0.3844   5.4203
  4.1655  -0.4321   5.8694
  4.1670  -0.3249   5.9393
  4.1692  -0.4491   5.6199
  4.1843  -1.1338   5.7504
  4.1551   0.9744   5.8105
  4.1651   0.3545   5.4397
  4.1752  -0.5591   5.1204
  4.1753  -0.5591   5.6199
  4.1772  -0.6251   5.7992
  4.1654   0.7529   5.3703
  4.1786  -0.3319   5.8502
  4.1704   0.6623   5.4495
  4.1692   0.7429   5.7504
  4.1768   0.2516   5.5402
  4.1826  -0.4044   5.4300
  4.1902  -0.2699   5.4694
  4.2147  -1.2496   5.6996
  4.1843   0.6396   5.6199
  4.1923  -0.1324   5.5492
  4.1925   0.0773   5.8290
  4.1942   0.3110   5.1204
  4.1933   0.5813   5.4108
  4.2089  -0.6307   5.8988
  4.2079  -0.1855   5.0695
  4.1979   0.9236   5.9290
  4.2033   0.6393   5.8290
  4.2154  -0.3908   5.9189
  4.2205  -0.6151   5.7289
  4.2294  -0.9785   5.5692
  4.2242  -0.4481   5.3795
  4.2220  -0.1964   5.7789
  4.2269  -0.3895   5.8791
  4.2221   0.1726   5.6295
  4.2319  -0.5664   5.5402
  4.2257   0.1489   5.7289
  4.2280   0.0603   5.9088
  4.2289   0.1113   5.9707
  4.2381  -0.7135   5.8597
  4.2317  -0.0442   5.3703
  4.2369  -0.4989   5.1302
  4.2472  -0.9505   5.8105
  4.2780  -1.3497   5.2698
  4.2467  -0.9133   5.8290
  4.2164   1.1835   5.4397
  4.2423  -0.4814   5.6690
  4.2417  -0.1301   5.4300
  4.2042   1.3403   5.5601
  4.2634  -1.1529   5.7504
  4.2396   0.4101   5.6996
  4.2579  -0.9789   5.6295
  4.2515  -0.5758   5.9189
  4.2554  -0.8138   5.1400
  4.2403   0.6357   5.6295
  4.2466   0.0876   5.4795
  4.2492  -0.1774   5.2194
  4.2402   0.7396   5.8694
  4.2617  -0.9109   5.4397
  4.2570  -0.1332   5.4999
  4.2528   0.5909   5.6393
  4.2563   0.3283   5.6893
  4.2730  -0.7213   5.4495
  4.2779  -0.9575   5.7701
  4.2619   0.5088   5.7789
  4.2741  -0.5078   5.4896
  4.2717  -0.2291   5.9393
  4.2360   1.3243   5.4795
  4.2868  -0.8452   5.3299
  4.2869  -0.7346   5.8791
  4.2641   1.0429   5.3997
  4.2523   1.2810   5.9787
  4.2725   0.8559   5.9088
  4.2757   0.6930   5.4594
  4.2936  -0.6773   5.3997
  4.2958  -0.6359   5.4203
  4.2964  -0.4938   5.8407
  4.2863   0.5899   5.1997
  4.2869   0.5882   5.3904
  4.3108  -1.1160   5.2698
  4.2943   0.1213   5.8502
  4.3004  -0.3936   5.0197
  4.3004  -0.3936   5.9189
  4.3121  -1.0018   5.6893
  4.3120  -0.6426   5.7901
  4.2996   0.6526   5.5402
  4.3233  -1.0536   5.1997
  4.2840   1.2062   5.2504
  4.2953   0.9635   5.7396
  4.3098  -0.1117   5.2301
  4.2926   1.0768   5.6690
  4.3184  -0.7986   5.3506
  4.3385  -1.2045   5.4999
  4.3134   0.0116   5.3904
  4.3187  -0.2347   5.6791
  4.3271  -0.7013   5.3299
  4.3138   0.7310   5.0398
  4.3448  -1.1258   5.5208
  4.3221   0.3574   5.2504
  4.3250   0.3874   5.7591
  4.3310   0.0964   5.6295
  4.3275   0.7958   5.6491
  4.3475  -0.7180   5.4694
  4.3303   1.0616   5.9393
  4.3474  -0.0292   5.7504
  4.3694  -1.1817   5.9088
  4.3010   1.3782   5.5601
  4.3565  -0.7435   5.8290
  4.3593  -0.6420   5.9088
  4.3467   0.8136   5.7901
  4.3467   0.9233   5.5296
  4.3469   0.9237   5.0800
  4.3692  -0.8244   5.6491
  4.3706  -0.8438   5.6491
  4.3710  -0.5734   5.8694
  4.3661   0.0736   5.7701
  4.3546   0.9777   5.2894
  4.3716  -0.3155   5.5692
  4.3924  -1.1675   5.1302
  4.3708   0.0206   5.7396
  4.3837  -0.9224   5.9601
  4.3704   0.4698   5.9189
  4.3839  -0.6835   5.7100
  4.3910  -1.0035   5.7396
  4.3953  -1.0063   5.5802
  4.3930  -0.6741   5.4795
  4.3802   0.5941   5.9894
  4.3868   0.2748   5.5601
  4.3888   0.1498   5.1499
  4.3972   0.0916   5.2396
  4.3953   0.7372   5.8694
  4.4138  -0.7116   5.2194
  4.4051   0.2315   5.9088
  4.4084   0.1265   5.4896
  4.4244  -0.9790   5.9393
  4.4131   0.0212   5.5103
  4.4231  -0.7496   5.9601
  4.4098   0.5202   5.7205
  4.4245  -0.7015   5.4495
  4.4264  -0.7247   5.8791
  4.3768   1.3529   5.9787
  4.4219  -0.3418   5.8791
  4.4146   0.4303   5.0398
  4.4287  -0.7129   5.7701
  4.4352  -0.9026   5.9393
  4.4487  -1.1996   5.7901
  4.4199   0.5533   5.3196
  4.4270  -0.1020   5.2504
  4.4284   0.3658   5.4108
  4.4383  -0.5714   5.4795
  4.4432  -0.8615   5.5492
  4.4366  -0.3988   5.5802
  4.4304   0.3217   5.3506
  4.4510  -0.9321   5.6491
  4.4504  -0.4347   5.8597
  4.4513  -0.4016   5.7504
  4.4533  -0.5946   5.9707
  4.4643  -0.9209   5.2894
  4.4588  -0.5560   5.0297
  4.4698  -0.9824   5.7289
  4.4548   0.3950   5.6491
  4.4674  -0.6606   5.9088
  4.4576   0.5859   5.2504
  4.4607   0.4452   5.7504
  4.4665   0.2375   5.9290
  4.4782  -0.6418   5.9787
  4.4748   0.0156   5.6393
  4.4781   0.3854   5.5601
  4.4866  -0.2861   5.9894
  4.4890  -0.5166   5.9707
  4.5086  -1.1659   5.8889
  4.4738   0.9507   5.8290
  4.4738   0.9507   5.7992
  4.4973  -0.7582   5.0800
  4.5014  -0.8225   5.8407
  4.4934  -0.1654   5.5601
  4.4856   0.6272   5.3904
  4.5041  -0.6718   5.6690
  4.4923   0.7117   5.0800
  4.5050   0.1847   5.3299
  4.5174  -0.5664   5.5296
  4.5187  -0.6529   5.9601
  4.5176  -0.4433   5.1096
  4.5176  -0.4433   5.0695
  4.5175  -0.2342   5.9894
  4.5145   0.2512   5.3904
  4.5344  -1.0176   5.9088
  4.5250  -0.5469   5.5492
  4.5470  -1.2196   5.4108
  4.5227   0.0211   5.8791
  4.5337  -0.7918   5.4795
  4.5191   0.4144   5.9601
  4.5326  -0.7657   5.7591
  4.5053   1.0974   5.5601
  4.5292  -0.4139   5.1997
  4.5333  -0.5761   5.9088
  4.5878  -1.3813   5.8791
  4.5318   0.1896   5.0297
  4.5506  -1.0121   5.8791
  4.5554  -1.0670   5.6996
  4.5514  -0.9682   5.7992
  4.5327   0.5031   5.6491
  4.5308   0.6774   5.9393
  4.5567  -1.0354   5.7701
  4.5521  -0.8121   5.2504
  4.5386   0.4457   5.3795
  4.5506  -0.6419   5.9290
  4.5418   0.4276   5.1204
  4.5407   0.5667   5.3904
  4.5525  -0.4862   5.3506
  4.5563  -0.7651   5.1204
  4.5394   0.8071   5.5896
  4.5640  -0.8616   5.2301
  4.5454   0.6977   5.5103
  4.5584  -0.3588   5.8502
  4.5551   0.1545   5.7701
  4.5678  -0.7707   5.2894
  4.5693  -0.8617   5.9189
  4.5455   0.9324   5.6690
  4.5558   0.4007   5.7396
  4.5576   0.2845   5.7100
  4.5726  -0.9024   5.7504
  4.5539   0.6483   5.4694
  4.5756  -0.9570   5.9393
  4.5636   0.2953   5.9787
  4.5676   0.3505   5.5402
  4.5875  -0.9613   5.9497
  4.5674   0.6056   5.9393
  4.5764   0.0058   5.4397
  4.5673   0.8423   5.8502
  4.5627   1.0480   5.6491
  4.5832  -0.0164   5.3094
  4.5951  -0.7126   5.8407
  4.5874   0.0476   5.5896
  4.5855   0.5438   5.6103
  4.5362   1.3986   5.7205
  4.5895   0.4958   5.6199
  4.5968  -0.0743   5.6199
  4.6020  -0.5484   5.6996
  4.5962   0.3361   5.6393
  4.5974   0.2848   5.6893
  4.6023  -0.1878   5.5492
  4.6140  -0.8716   5.9290
  4.6016   0.1673   5.8105
  4.6168  -0.9337   5.2504
  4.5951   0.7198   5.7396
  4.6147  -0.2518   5.9393
  4.5901   1.1892   5.0500
  4.6171  -0.1584   5.7504
  4.6143   0.4243   5.7701
  4.6307  -0.7868   5.7901
  4.6033   1.0799   5.2301
  4.6104   0.8480   5.3703
  4.6376  -0.6118   5.5402
  4.6432  -0.8756   5.1499
  4.6318   0.1102   5.9497
  4.6338   0.2784   5.5208
  4.6456  -0.7203   5.8694
  4.6359   0.4287   5.5208
  4.6127   1.2646   5.8597
  4.6311   0.9044   5.9894
  4.6398   0.4246   5.7100
  4.6425   0.9390   5.7504
  4.6583  -0.2317   5.9393
  4.6708  -0.9143   5.9189
  4.6757  -1.0443   5.7789
  4.6562   0.3089   5.7205
  4.6337   1.2594   5.7901
  4.6618   0.3589   5.6893
  4.6755  -0.6846   5.9601
  4.6636   0.4472   5.1204
  4.6785  -0.5795   5.8988
  4.6789  -0.5861   5.8407
  4.6704   0.5118   5.4999
  4.6723   0.3895   5.9787
  4.6647   0.8863   5.0197
  4.6835  -0.5778   5.6008
  4.6858  -0.5803   5.9601
  4.6801   0.0228   5.9497
  4.6882  -0.5853   5.9601
  4.6829   0.1065   5.7701
  4.6832   0.6983   5.1600
  4.6980  -0.4876   5.7992
  4.6963  -0.2476   5.8889
  4.6963   0.0117   5.8197
  4.6924   0.4547   5.4594
  4.6984  -0.0684   5.4694
  4.6943   0.3921   5.5802
  4.6996   0.0012   5.9707
  4.7077  -0.6133   5.7396
  4.7084  -0.5192   5.1600
  4.6664   1.3433   5.0398
  4.7107  -0.0555   5.8694
  4.7207  -0.3703   5.7701
  4.9514  -1.5079   5.2795
  4.7248  -0.4140   5.3402
  4.6914   1.2567   5.4495
  4.7150   0.5797   5.9894
  4.7121   0.7941   5.6690
  4.7189   0.3769   5.1803
  4.7615  -1.2934   5.8597
  4.7258  -0.1365   5.9393
  4.7258  -0.1365   5.2396
  4.7293  -0.4126   5.9707
  4.7228   0.3636   5.2795
  4.7403  -0.6280   5.9497
  4.7422  -0.7431   5.7701
  4.7422  -0.7431   5.7701
  4.7673  -1.2624   5.8502
  4.7391  -0.1340   5.8502
  4.7397  -0.0567   5.7701
  4.7579  -1.0821   5.4896
  4.7387   0.3878   5.0603
  4.7378   0.5625   5.7100
  4.7465  -0.2940   5.5208
  4.7430   0.5334   5.0398
  4.7564  -0.5109   5.5296
  4.7465   0.4556   5.8597
  4.7465   0.4555   5.8988
  4.7608  -0.7093   5.8597
  4.7475   0.6353   5.4795
  4.7511   0.3499   5.1000
  4.7541   0.0697   5.7289
  4.7556   0.0544   5.6893
  4.7590   0.0580   5.5103
  4.7700  -0.7097   5.4694
  4.7808  -1.0986   5.6008
  4.7559   0.6365   5.5802
  4.7131   1.3963   5.6791
  4.5850   1.5179   5.7901
  4.7637   0.5838   5.8791
  4.7746  -0.3541   5.4397
  4.7583   0.9475   5.9497
  4.7817  -0.7643   5.4594
  4.7871  -0.9770   5.3299
  4.7788  -0.3364   5.3795
  4.7788  -0.3423   5.9497
  4.8154  -1.3082   5.4694
  4.8403  -1.3922   5.9497
  4.7874  -0.2902   5.7504
  4.7807   0.7358   5.5896
  4.7730   1.1239   5.0297
  4.7915   0.3165   5.9894
  4.7960   0.1267   5.3904
  4.8003  -0.2473   5.3904
  4.7961   0.4267   5.2698
  4.8097  -0.6518   5.1000
  4.8057  -0.2991   5.7504
  4.7791   1.2000   5.9497
  4.7991   0.5178   5.9894
  4.8122  -0.6166   5.3402
  4.8148  -0.6242   5.5492
  4.8184  -0.7660   5.2504
  4.8038   0.5211   5.6295
  4.8041   0.5039   5.1204
  4.8136  -0.2092   5.7289
  4.8090   0.4064   5.4108
  4.8109   0.2099   5.8889
  4.8119   0.3111   5.2504
  4.8216  -0.5104   5.6008
  4.8064   0.8573   5.0500
  4.8298  -0.8357   5.4594
  4.8560  -1.2572   5.8889
  4.8243   0.1402   5.6491
  4.8181   0.6895   5.1204
  4.8338  -0.4919   5.9189
  4.8430  -0.9857   5.7591
  4.8365  -0.6458   5.6393
  4.8257   0.5206   5.8290
  4.8311   0.0034   5.2102
  4.8430  -0.8165   5.6996
  4.8345   0.1081   5.7289
  4.8423  -0.2342   5.9601
  4.8442  -0.3014   5.6590
  4.8419  -0.0003   5.3904
  4.8480  -0.5412   5.3402
  4.8517  -0.7416   5.7205
  4.8522  -0.7722   5.0695
  4.8536  -0.6684   5.1600
  4.8415   0.4165   5.8988
  4.8496  -0.3071   5.1400
  4.8495  -0.1606   5.7205
  4.8581  -0.6506   5.6491
  4.8480   0.2955   5.7701
  4.8518  -0.0174   5.9393
  4.8552  -0.2292   5.4999
  4.8606  -0.5757   5.2795
  4.8603  -0.4183   5.4896
  4.8592  -0.2294   5.7591
  4.8554   0.4122   5.8407
  4.8556   0.5333   5.4795
  4.8653  -0.1575   5.1400
  4.8660   0.3177   5.7789
  4.8673   0.4120   5.6103
  4.8605   0.9137   5.3597
  4.8715   0.1592   5.3904
  4.8836  -0.8044   5.8597
  4.8723   0.1164   5.4495
  4.8778  -0.3596   5.9393
  4.8804  -0.3926   5.8105
  4.8851  -0.7472   5.3703
  4.8764   0.0054   5.7504
  4.8722   0.5841   5.4203
  4.8821  -0.3656   5.8597
  4.9027  -1.1074   5.7789
  4.8422   1.3534   5.6393
  4.8870  -0.1084   5.8407
  4.8763   1.0913   5.7396
  4.9034  -0.6576   5.1302
  4.9085  -0.6687   5.4300
  4.9080  -0.4361   5.8290
  4.9246  -1.1331   5.7289
  4.9080   0.0360   5.0197
  4.9038   0.5572   5.6996
  4.9146  -0.3771   5.3703
  4.9108   0.0960   5.8290
  4.8984   0.9693   5.0398
  4.9207  -0.6910   5.2396
  4.9059   0.6924   5.0603
  4.9060   0.6914   5.1400
  4.9060   0.6914   5.3703
  4.9163  -0.1724   5.7100
  4.9079   0.6561   5.7289
  4.9152   0.0168   5.8988
  4.9255  -0.7386   5.4896
  4.9282  -0.7713   5.8105
  4.9196  -0.0750   5.1997
  4.9287  -0.7429   5.6103
  4.9057   1.0655   5.9894
  4.9291  -0.3434   5.2396
  4.9292  -0.0713   5.9894
  4.9162   0.9248   5.8791
  4.9257   0.3373   5.8791
  4.9422  -0.9057   5.1701
  4.9413  -0.7925   5.5402
  4.9348  -0.1436   5.8290
  4.9295   0.5727   5.9088
  4.9300   0.5681   5.2504
  4.9405   0.3739   5.4795
  4.9480  -0.3602   5.6893
  4.9121   1.2930   5.2698
  4.9511  -0.2513   5.1000
  4.9580  -0.7206   5.3597
  4.9375   0.9246   5.5103
  4.9147   1.3166   5.3506
  4.9546  -0.2727   5.7901
  4.9681  -1.0437   5.1400
  4.9568  -0.3984   5.9290
  4.9597  -0.6398   5.3795
  4.9468   0.6453   5.5802
  4.9490   0.4871   5.6199
  4.9544   0.1155   5.5692
  4.9626  -0.3376   5.0800
  4.9518   0.7261   5.4397
  4.9572   0.3160   5.6893
  4.9514   0.8528   5.7701
  4.9623   0.0442   5.5692
  4.9894  -1.1736   5.8791
  4.9612   0.5742   5.2194
  4.9665   0.3030   5.3795
  4.9716  -0.1948   5.5296
  4.9689   0.2427   5.8889
  4.9702   0.2378   5.2301
  4.9656   0.6679   5.8889
  4.9600   1.0091   5.6590
  4.9731   0.4578   5.2698
  4.9586   1.1390   5.6295
  4.9915  -0.8898   5.9290
  4.9849  -0.4041   5.6491
  4.9886  -0.6588   5.7396
  4.9798   0.4589   5.6893
  4.9869  -0.0402   5.4203
  4.9752   0.8820   5.3795
  4.9935  -0.5402   5.4999
  5.0018  -0.9016   5.1600
  4.9896   0.0317   5.8290
  4.9805   0.8192   5.0098
  4.9773   0.9714   5.4795
  5.0173  -1.1794   5.3299
  5.0044  -0.8325   5.9707
  4.9958  -0.0693   5.4203
  5.5361  -1.5192   5.4694
  4.9990  -0.2503   5.9707
  4.9959   0.5540   5.5601
  5.0046   0.1932   5.0905
  5.0103  -0.3266   5.5402
  5.0032   0.4233   5.7701
  4.9957   0.9319   5.3795
  5.0031   0.4997   5.5492
  5.0177  -0.7000   5.8791
  5.0066   0.5673   5.2301
  5.0060   0.6301   5.2795
  5.0135   0.1060   5.2194
  5.0110   0.9150   5.8105
  5.0319  -0.4205   5.7992
  5.0492  -1.1404   5.5296
  5.0295  -0.1058   5.3402
  5.0382  -0.7820   5.9189
  5.0320  -0.2045   5.5103
  5.0255   0.5460   5.9787
  5.0292   0.3762   5.9290
  5.0340   0.0400   5.1499
  5.0456  -0.7773   5.3997
  5.0251   0.9924   5.1204
  5.0411   0.2633   5.5692
  5.0409   0.3706   5.6393
  5.0414   0.5328   5.8502
  5.0463   0.0844   5.5896
  5.0460   0.2539   5.6295
  5.0142   1.3362   5.1302
  5.0519   0.2024   5.2795
  5.0600  -0.6035   5.5896
  5.0515   0.4019   5.4300
  5.0551   0.0189   5.1000
  5.0642  -0.3769   5.5802
  5.0739  -0.9351   5.0500
  5.0599   0.2160   5.5296
  5.0638  -0.0800   5.0098
  5.0641   0.0156   5.4896
  5.0695  -0.3088   5.8694
  5.0717   0.0044   5.8290
  5.0626   1.0061   5.9088
  5.0739   0.4584   5.1803
  5.0836  -0.5007   5.9290
  5.0845  -0.4100   5.0297
  5.0854  -0.3846   5.4300
  5.0848  -0.2112   5.6893
  5.0955  -0.9368   5.6893
  5.0831   0.2085   5.1600
  5.0890  -0.3530   5.5896
  5.0884  -0.2609   5.7205
  5.0917  -0.4932   5.6690
  5.0787   0.7573   5.8407
  5.1102  -1.1793   5.9601
  5.0854   0.3456   5.1600
  5.0894   0.2273   5.7396
  5.0886   0.3508   5.6295
  5.0897   0.3472   5.8105
  5.1025  -0.7427   5.7100
  5.0883   0.6339   5.1499
  5.0979   0.0511   5.8502
  5.1045  -0.4366   5.5208
  5.1008   0.0340   5.7992
  5.1005   0.4323   5.8105
  5.1023   0.2547   5.5601
  5.0939   0.9132   5.7504
  5.1177  -0.9218   5.7504
  5.1080  -0.0211   5.0297
  5.1197  -0.7807   5.6103
  5.1084   0.4881   5.1096
  5.1110   0.4646   5.8694
  5.1232  -0.6975   5.8889
  5.1109   0.8780   5.5296
  5.1274  -0.1648   5.1204
  5.1314  -0.4063   5.6491
  5.1262   0.5142   5.3795
  5.1212   0.8598   5.9601
  5.1359  -0.3101   5.6393
  5.1255   0.7402   5.3506
  5.1240   0.8942   5.7289
  5.1381  -0.2391   5.4694
  5.1351   0.1968   5.9787
  5.1391  -0.0585   5.4594
  5.1369   0.2873   5.6590
  5.1340   0.7801   5.1701
  5.1492  -0.3939   5.9707
  5.1452   0.0942   5.1701
  5.1519   0.0108   5.6690
  5.1463   0.7473   5.3997
  5.1430   0.9595   5.8197
  5.1597  -0.2771   5.0603
  5.1524   0.7946   5.0603
  5.1642  -0.2536   5.4896
  5.1599   0.2064   5.2698
  5.1898  -1.2479   5.4108
  5.1607   0.5660   5.9393
  5.1566   0.8818   5.9601
  5.1649   0.4498   5.4896
  5.1750  -0.5252   5.5208
  5.1837  -0.9711   5.3506
  5.1651   0.7291   5.8407
  5.1734   0.1329   5.9088
  5.1956  -1.0264   5.4203
  5.1934  -0.8106   5.9393
  5.1828   0.4430   5.9497
  5.1813   0.6703   5.7701
  5.1867   0.2062   5.7205
  5.1675   1.2102   5.9189
  5.2038  -0.9255   5.7396
  5.2004  -0.6654   5.3299
  5.1958  -0.1612   5.3904
  5.1968   0.1818   5.1096
  5.2020  -0.3308   5.9189
  5.1948   0.6758   5.1204
  5.1951   0.7086   5.6893
  5.2012   0.4362   5.5692
  5.2068  -0.0504   5.6491
  5.1951   0.9248   5.0297
  5.2303  -1.2014   5.7504
  5.2104  -0.1296   5.7901
  5.2233  -0.9966   5.2601
  5.2010   0.8208   5.6199
  5.2016   0.8366   5.9088
  5.2125  -0.1357   5.7100
  5.2131   0.0048   5.6103
  5.2121   0.4245   5.5208
  5.2377  -1.1353   5.7591
  5.2133   0.6457   5.7591
  5.2067   1.0040   5.1400
  5.2186   0.2903   5.3597
  5.2196   0.1994   5.2795
  5.2442  -1.1354   5.3094
  5.2270  -0.2532   5.0197
  5.2262   0.2930   5.5296
  5.2354  -0.5812   5.2994
  5.2436  -1.0232   5.1302
  5.2239   0.7046   5.4495
  5.2371  -0.6335   5.9497
  5.2395  -0.7834   5.8105
  5.2375  -0.5637   5.6590
  5.2351  -0.1404   5.8791
  5.2300   0.5408   5.4896
  5.2324   0.4032   5.6690
  5.2362   0.3057   5.3703
  5.2331   0.7989   5.9189
  5.2356   0.6465   5.1906
  5.2403   0.1494   5.9088
  5.2446  -0.2158   5.7100
  5.2293   1.1089   5.9601
  5.2436   0.4328   5.8791
  5.2448   0.4353   5.2194
  5.2419   0.8745   5.0500
  5.2503   0.3229   5.9601
  5.2513   0.2798   5.6690
  5.2551   0.0124   5.6791
  5.2540   0.1270   5.5208
  5.2518   0.5218   5.7100
  5.2539   0.2979   5.7992
  5.2424   1.1313   5.2698
  5.2561   0.5623   5.6393
  5.2585   0.3489   5.1000
  5.2661   0.4121   5.0695
  5.2638   0.6278   5.3597
  5.2710   0.0118   5.9894
  5.2632   0.9279   5.8502
  5.2602   1.0820   5.3904
  5.2848  -0.6266   5.3196
  5.2821   0.4696   5.5208
  5.2985  -0.8998   5.6491
  5.2902  -0.1987   5.8502
  5.2875   0.4679   5.4896
  5.2884   0.4621   5.9189
  5.2937  -0.0173   5.4694
  5.3027  -0.4707   5.7289
  5.2865   1.0835   5.7504
  5.2981   0.5008   5.1803
  5.3036   0.4103   5.1499
  5.2947   1.0584   5.7901
  5.3032   0.5887   5.6590
  5.3146  -0.3524   5.8694
  5.3092   0.4306   5.3196
  5.3058   0.7955   5.9088
  5.3098   0.7045   5.2396
  5.3206  -0.3295   5.2795
  5.3150   0.7109   5.8407
  5.3166   0.6458   5.5802
  5.3174   0.6106   5.1701
  5.3233   0.2365   5.9497
  5.3340  -0.7322   5.5896
  5.3248   0.3105   5.7992
  5.3163   0.9669   5.7591
  5.3124   1.1668   5.9290
  5.3813  -1.3794   5.7701
  5.3402  -0.7257   5.6393
  5.3322   0.4267   5.5402
  5.3216   1.0866   5.7205
  5.3371   0.0933   5.3094
  5.3324   0.7993   5.5802
  5.3353   0.7160   5.9290
  5.3470  -0.4771   5.8502
  5.3237   1.2022   5.5492
  5.3284   1.1167   5.6893
  5.3396   0.6541   5.8988
  5.3480   0.3737   5.6590
  5.4031  -1.4087   5.9088
  5.3552  -0.3105   5.2504
  5.3563   0.6709   5.6199
  5.3540   0.8619   5.6893
  5.3664  -0.3040   5.9393
  5.3640   0.6363   5.8791
  5.3645   0.9786   5.9088
  5.3773  -0.1422   5.6491
  5.3840  -0.7589   5.1096
  5.3726   0.8591   5.4397
  5.3841   0.2274   5.3795
  5.3840   0.8150   5.7789
  5.4107  -1.0376   5.1204
  5.3735   1.3082   5.1997
  5.3978   0.4618   5.5896
  5.4190  -1.1386   5.1499
  5.4010   0.1986   5.4300
  5.4073  -0.2277   5.2194
  5.4050   0.2324   5.7205
  5.4120  -0.5684   5.4694
  5.4041   0.4209   5.0398
  5.4043   0.4133   5.9088
  5.4067   0.1760   5.0500
  5.4080   0.0085   5.1600
  5.4065   0.2764   5.9707
  5.4107  -0.3117   5.1000
  5.3592   1.4211   5.4594
  5.4061   0.5294   5.6791
  5.4129  -0.2771   5.7992
  5.3645   1.4153   5.9601
  5.4166  -0.5306   5.7591
  5.4161   0.2545   5.9894
  5.4107   0.7585   5.9497
  5.4151   0.5639   5.5103
  5.4190   0.7281   5.6690
  5.4202   0.8786   5.3904
  5.4382  -0.6772   5.4999
  5.4511  -1.1733   5.4108
  5.4374  -0.3575   5.9290
  5.4476  -0.7332   5.1096
  5.4296   0.9859   5.7789
  5.4244   1.1634   5.5802
  5.4395   0.2814   5.1400
  5.4446   0.1049   5.5802
  5.4511  -0.4227   5.8597
  5.4607  -0.8795   5.0500
  5.4446   0.8348   5.5692
  5.4586  -0.6298   5.5208
  5.4525   0.2190   5.9787
  5.4572  -0.1999   5.8791
  5.4604  -0.0763   5.9894
  5.4545   0.7690   5.0398
  5.4635  -0.0784   5.5492
  5.4702  -0.6665   5.3506
  5.4606   0.4931   5.7701
  5.4751  -0.2806   5.7789
  5.4218   1.4404   5.7504
  5.4686   0.7886   5.4495
  5.4712   0.5836   5.4694
  5.4741   0.4897   5.0098
  5.4786   0.2395   5.1701
  5.4788   0.2194   5.5802
  5.4838  -0.4486   5.6996
  5.4843  -0.1449   5.5103
  5.4435   1.4059   5.3904
  5.4876  -0.2787   5.8694
  5.4796   0.8276   5.6690
  5.5184  -1.3435   5.1499
  5.4829   0.7841   5.9601
  5.4822   0.8854   5.8105
  5.4822   0.8586   5.8988
  5.4994  -0.8855   5.7591
  5.4909   0.1892   5.4795
  5.4903   0.3897   5.3094
  5.4937   0.0749   5.2301
  5.4905   0.7762   5.5492
  5.4981   0.1312   5.9894
  5.4912   0.8807   5.6103
  5.4998   0.3374   5.6491
  5.5085  -0.6540   5.9393
  5.5107  -0.6522   5.2994
  5.4953   1.0374   5.5103
  5.5031   0.6288   5.9707
  5.5029   0.8056   5.3703
  5.5206  -0.9298   5.1600
  5.5156  -0.0729   5.8889
  5.5387  -1.2711   5.6791
  5.5072   0.9891   5.8290
  5.5178   0.0960   5.6103
  5.5258  -0.7088   5.5296
  5.5241  -0.5214   5.6791
  5.5351  -1.0833   5.7591
  5.5258  -0.5525   5.1803
  5.5215   0.1040   5.9393
  5.5143   0.9300   5.8988
  5.5262   0.5443   5.8197
  5.5279   0.6762   5.2102
  5.5351  -0.3631   5.2994
  5.5560  -1.2195   5.0197
  5.5355   0.5272   5.5896
  5.5257   1.2467   5.8694
  5.5511  -0.6934   5.8290
  5.5547  -0.6733   5.2601
  5.5426   0.9349   5.7289
  5.5559  -0.6209   5.9601
  5.5558  -0.4604   5.4203
  5.5217   1.3636   5.9088
  5.5666  -0.9204   5.7504
  5.5493   1.0470   5.6393
  5.5660  -0.3377   5.2396
  5.5665  -0.2588   5.2795
  5.5761  -0.2795   5.4300
  5.5771  -0.0607   5.8197
  5.5801   0.1955   5.9601
  5.5730   0.9739   5.9787
  5.5823   0.6674   5.8290
  5.5897  -0.0600   5.8694
  5.5828   0.8641   5.7591
  5.5898   0.1284   5.8197
  5.5818   1.0232   5.6590
  5.5897   0.4164   5.5692
  5.5887   0.5664   5.6791
  5.5663   1.3441   5.9497
  5.5823   1.1322   5.1803
  5.5982  -0.3723   5.6008
  5.5979  -0.1515   5.9894
  5.5977   0.1189   5.1600
  5.6043  -0.7155   5.7701
  5.6032  -0.3342   5.4108
  5.5938   0.8620   5.6893
  5.6033  -0.1941   5.4896
  5.6024   0.4237   5.7100
  5.6078  -0.1440   5.6996
  5.6232  -1.1955   5.3402
  5.6050   0.4568   5.6791
  5.6081  -0.0426   5.4896
  5.6129  -0.6313   5.6295
  5.6157  -0.7235   5.5103
  5.6167  -0.3631   5.7789
  5.6083   0.8153   5.6008
  5.6103   0.6400   5.9393
  5.6172   0.6478   5.3094
  5.6150   0.8523   5.3094
  5.6185   0.4819   5.4108
  5.6206   0.5624   5.7992
  5.6243   0.3871   5.9290
  5.6189   1.1660   5.4397
  5.6263   0.8123   5.2396
  5.6378  -0.7125   5.2894
  5.6385  -0.5595   5.9707
  5.6435  -0.7531   5.5692
  5.6061   1.4054   5.9707
  5.6330   1.0552   5.5296
  5.6498  -0.3476   5.6893
  5.6415   0.8723   5.7504
  5.6518  -0.0352   5.7701
  5.6557  -0.4508   5.7289
  5.6550   0.7919   5.5296
  5.6590   0.7054   5.0098
  5.6625   0.3372   5.4495
  5.6659   0.1007   5.6690
  5.6680   0.3537   5.8502
  5.6704   0.0392   5.1000
  5.7199  -1.4186   5.2894
  5.6678   1.0034   5.6199
  5.6791  -0.2435   5.1803
  5.6731   0.7553   5.1096
  5.6811  -0.3968   5.2396
  5.6818   0.0224   5.6690
  5.6822   0.0991   5.2994
  5.6857  -0.2374   5.8791
  5.6827   0.7169   5.6893
  5.6898  -0.2313   5.9894
  5.6859   0.7183   5.4896
  5.6873   0.6682   5.6491
  5.6942  -0.1556   5.0905
  5.6920   0.2578   5.9393
  5.7008  -0.1856   5.5802
  5.6988   0.4005   5.2894
  5.7084  -0.8150   5.5802
  5.6857   1.2622   5.1701
  5.7061  -0.5079   5.0098
  5.6936   1.0901   5.9497
  5.7039   0.0469   5.6393
  5.7160  -1.1046   5.6199
  5.7194  -1.1933   5.5296
  5.7047   1.0593   5.5208
  5.7153   0.5266   5.0398
  5.7166   0.3017   5.2894
  5.7228   0.3460   5.7701
  5.7303  -0.2173   5.0800
  5.7386  -1.0492   5.8988
  5.7269   0.5025   5.5296
  5.7293   0.4525   5.0800
  5.7248   0.9738   5.7100
  5.7318   0.3433   5.6791
  5.7342  -0.0650   5.7100
  5.7438  -0.6413   5.4594
  5.7373   0.9881   5.7992
  5.7462   0.2108   5.5402
  5.7400   1.1401   5.8597
  5.7565  -0.6563   5.4999
  5.7730  -1.3244   5.9497
  5.7632  -0.4808   5.4203
  5.7547   1.0943   5.9290
  5.7643   0.0106   5.5802
  5.7643   0.2290   5.6008
  5.7646   0.1441   5.6491
  5.7563   1.2772   5.0297
  5.7739  -0.0956   5.5402
  5.7676   0.9230   5.7789
  5.7741   0.1987   5.7992
  5.7686   1.0123   5.5601
  5.7724   0.7793   5.6008
  5.7797  -0.4394   5.9601
  5.7851  -1.0186   5.6199
  5.7805   0.0158   5.2994
  5.7822   0.4655   5.7789
  5.7765   1.1016   5.2894
  5.7839   0.5055   5.6996
  5.7859   0.7857   5.1400
  5.7814   1.0958   5.2698
  5.7821   1.0870   5.1096
  5.7922   0.3399   5.7504
  5.7938   0.3788   5.7789
  5.7988  -0.3051   5.8105
  5.8029  -0.5932   5.3703
  5.7998   0.5790   5.5802
  5.8059  -0.1821   5.4594
  5.8059   0.2029   5.7789
  5.8113   0.2800   5.9497
  5.8083   0.8870   5.3997
  5.8125   0.4355   5.9189
  5.8098   1.0370   5.0398
  5.8195  -0.4332   5.5802
  5.8374  -1.3350   5.5103
  5.8111   0.9920   5.2396
  5.8060   1.2240   5.4999
  5.8154   0.6040   5.3299
  5.8220  -0.4579   5.4300
  5.8121   1.0605   5.3506
  5.8220  -0.3652   5.3196
  5.8470  -1.3886   5.1000
  5.8191   0.4993   5.8889
  5.8136   1.1046   5.7901
  5.8199   0.7931   5.5296
  5.8313  -0.7046   5.1000
  5.8239   0.7497   5.7100
  5.8329  -0.1949   5.3402
  5.8332  -0.1564   5.7901
  5.8393  -0.9141   5.3703
  5.8342  -0.0805   5.7504
  5.8976  -1.4666   5.7701
  5.8313   0.9987   5.8791
  5.8425  -0.2216   5.9497
  5.8390   1.0961   5.7504
  5.8477  -0.1078   5.3703
  5.8489   0.1010   5.3703
  5.8670  -1.2522   5.2894
  5.8538  -0.3561   5.1302
  5.8535   0.2130   5.0098
  5.8605  -0.7692   5.6199
  5.8694  -1.2142   5.7789
  5.8622  -0.4056   5.5296
  5.8623  -0.1188   5.9290
  5.8684  -0.9809   5.3196
  5.8648  -0.0552   5.7789
  5.8663  -0.2177   5.7591
  5.8171   1.5029   5.2698
  5.8845  -1.1608   5.5492
  5.8758   0.0767   5.7504
  5.8846  -0.6784   5.4694
  5.8808   0.5557   5.9787
  5.8731   1.2352   5.4694
  5.8778   1.1368   5.4594
  5.8867   0.1593   5.5802
  5.8895  -0.4694   5.9497
  5.8869   0.4671   5.7901
  5.8903   0.0773   5.4795
  5.8906   0.5685   5.6491
  5.8761   1.3751   5.8290
  5.9011   0.6943   5.8791
  5.9082  -0.0074   5.8889
  5.8900   1.3757   5.4999
  5.9110  -0.3367   5.1997
  5.9065   0.9883   5.7100
  5.9150  -0.3841   5.9707
  5.9004   1.3304   5.6791
  5.9192  -0.5295   5.8197
  5.9209  -0.6878   5.8597
  5.9161   0.6917   5.7289
  5.9243  -0.0658   5.0297
  5.9157   1.2853   5.0800
  5.9291  -0.5745   5.6590
  5.9292   0.3407   5.8197
  5.9377  -0.9875   5.9707
  5.9281   0.9913   5.2102
  5.9357  -0.5121   5.8694
  5.9220   1.3155   5.7901
  5.9282   1.1098   5.1906
  5.9380   0.2539   5.7100
  5.9355   0.9398   5.9290
  5.9455  -0.8166   5.9787
  5.9406   0.7021   5.2504
  5.9427   0.2534   5.8988
  5.9411   0.7252   5.9393
  5.9520   0.6888   5.9497
  5.9520   0.7299   5.0800
  5.9589  -0.7933   5.5103
  5.9794  -1.3941   5.3506
  5.9610   0.7775   5.7591
  5.9671  -0.3209   5.2601
  5.9678  -0.2434   5.6590
  5.9698   0.6530   5.8988
  5.9823  -0.6779   5.4203
  5.9767   0.9757   5.4300
  5.9793   0.7322   5.9189
  5.9836  -0.4968   5.9707
  5.9838   1.0768   5.6008
  5.9882   0.1717   5.1600
  5.9910   0.2939   5.6393
  5.9929  -0.1812   5.7992
  5.9938   0.7810   5.8105
  5.9985  -0.2745   5.5601
  5.9957   0.7047   5.8105
  6.0004  -0.0526   5.7205
  5.9998   0.6471   5.9088
  6.0074  -0.8034   5.6996
  6.0028   0.6345   5.7396
  6.0056   0.7261   5.5896
  6.0103   0.3625   5.4896
  6.0086   0.8497   5.4300
  5.9823   1.4901   5.8988
  6.0179   0.2047   5.7504
  6.0196  -0.4981   5.5103
  6.0190   0.0168   5.4300
  6.0218  -0.4335   5.6491
  6.0263  -0.8561   5.6791
  6.0245   0.0526   5.8290
  6.0272  -0.4738   5.5492
  6.0281  -0.0574   5.9393
  6.0333  -0.3339   5.9707
  6.0328   0.7463   5.1000
  6.0366  -0.5803   5.1096
  6.0426  -1.1725   5.5208
  6.0388  -0.7072   5.7901
  6.0417  -0.9082   5.3703
  6.0369   1.1730   5.2396
  6.0439  -0.1101   5.4300
  6.0515  -0.6477   5.6103
  6.0530  -0.8607   5.8290
  6.0540   0.3689   5.9894
  6.0578  -0.4743   5.6008
  6.0548   0.8096   5.3299
  6.0552   0.8604   5.6996
  6.0593   0.0371   5.3997
  6.0639  -0.4871   5.8694
  6.0648  -0.7180   5.8105
  6.0629   0.1514   5.1204
  6.0657  -0.6878   5.8290
  6.0651   0.1714   5.3904
  6.0639   1.0356   5.6996
  6.0681   0.3071   5.7100
  6.0670   0.7600   5.9393
  6.0726   0.1522   5.1600
  6.0793   0.9978   5.5601
  6.0800   0.1931   5.8197
  6.0867  -0.7137   5.7701
  6.0893  -0.0437   5.5492
  6.0954  -1.0821   5.6590
  6.0852   1.2956   5.8407
  6.0941  -0.7594   5.9189
  6.0949  -0.1095   5.0603
  6.0896   1.2372   5.5601
  6.0943   0.9288   5.5402
  6.1006  -0.6837   5.5296
  6.1438  -1.5100   5.4896
  6.1048  -0.2189   5.0800
  6.1060  -0.0851   5.5492
  6.1060  -0.3128   5.9290
  6.1065   0.8487   5.4397
  6.1081   0.7344   5.7901
  6.1102   0.0939   5.0500
  6.1123   0.5308   5.5896
  6.1141  -0.4366   5.6393
  6.1125   0.6664   5.7701
  6.1170   0.5552   5.3196
  6.1202  -0.2611   5.1997
  6.1221   0.2149   5.0800
  6.1197   1.0495   5.5601
  6.1271  -0.8746   5.7504
  6.1319  -0.9626   5.5896
  6.1298   0.5652   5.5692
  6.1375  -0.8950   5.5208
  6.1403  -1.0040   5.6295
  6.1397   0.7490   5.7504
  6.1421   0.4393   5.9787
  6.1404   1.2280   5.6008
  6.1480  -1.0976   5.6791
  6.1579   0.6848   5.2194
  6.1668  -1.3372   5.8105
  6.1393   1.5238   5.5802
  6.1674   0.3927   5.3196
  6.1704  -0.0131   5.8694
  6.1733  -0.2575   5.9601
  6.1725   0.7023   5.5896
  6.1725   0.5846   5.6295
  6.1740   1.2504   5.8407
  6.1802   0.0367   5.6791
  6.1857  -0.2258   5.6491
  6.1852   0.7754   5.7992
  6.1870   0.3212   5.5296
  6.1922   0.8809   5.2994
  6.1956   0.1689   5.9707
  6.1923   1.3141   5.9497
  6.1931   1.2916   5.9787
  6.1987  -0.5572   5.3094
  6.2009  -0.1801   5.8889
  6.2028  -0.3137   5.3402
  6.2044   0.1265   5.8889
  6.2067  -0.2540   5.2795
  6.2106   0.1803   5.0603
  6.2163  -1.3475   5.7504
  6.2142  -1.1100   5.7205
  6.2143  -0.3093   5.2396
  6.2222  -0.3023   5.2894
  6.2238   0.0609   5.0398
  6.2248   1.1656   5.9497
  6.2276  -0.8687   5.1803
  6.2276  -0.1761   5.7289
  6.2266   1.0027   5.5103
  6.2306  -0.0216   5.4896
  6.2304   1.1835   5.0398
  6.2345   1.0858   5.4300
  6.2372   0.0188   5.7701
  6.2382   0.6357   5.8988
  6.2381   0.5034   5.9707
  6.2406  -0.1401   5.9393
  6.2420  -0.2373   5.7205
  6.2455   0.1625   5.7901
  6.2455  -0.2983   5.1803
  6.2487  -1.4308   5.1096
  6.2481   0.0511   5.5492
  6.2504   0.3337   5.0800
  6.2505  -0.2400   5.8694
  6.2510   0.1911   5.2994
  6.2520  -0.1222   5.7504
  6.2523  -0.0496   5.9290
  6.2604   0.0019   5.6103
  6.2704   0.7445   5.9707
  6.2707   0.9723   5.5492
  6.2715  -1.0654   5.9707
  6.2725  -1.4282   5.7289
  6.2785  -0.8946   5.1302
  6.2809  -0.4977   5.6199
  0.0047  -0.8236   5.7100
  0.0058  -0.8668   5.5296
  0.0070   1.0685   5.5492
  0.0080  -0.0519   5.1000
  0.0095   0.4727   5.7504
  0.0102  -0.4936   5.0098
  0.0109   0.1481   5.6295
  0.0114   1.1536   5.8597
  0.0184   1.0871   5.8791
  0.0189  -0.2700   5.7789
  0.0205   1.1723   5.6690
  0.0205  -1.2316   5.5896
  0.0223   1.0701   5.7992
