  0.5406   0.7386   0.4224   0.7226
  0.4224   0.7226   0.4276   0.8485
  0.4224   0.7226   0.3043   0.6216
  0.3043   0.6216   0.1716   0.5384
  0.1716   0.5384   0.0365   0.5076
  0.3043   0.6216   0.2475   0.6717
  0.2475   0.6717   0.2173   0.7167
  0.2065   0.4235   0.1681   0.5114
  0.1681   0.5114   0.1716   0.5384
  0.1716   0.5384   0.0746   0.6749
  0.0746   0.6749   6.1878   0.7551
  6.1878   0.7551   6.1977   0.7738
  6.1977   0.7738   6.1853   0.8107
  6.1878   0.7551   6.0297   0.7386
  2.8654  -0.6481   2.7364  -0.5422
  2.7364  -0.5422   2.5491  -0.4846
  2.5491  -0.4846   2.4837  -0.6274
  4.3767  -1.3529   4.3347  -1.3768
  4.3347  -1.3768   4.2775  -1.3733
  4.2775  -1.3733   3.8740  -1.3794
  6.0625  -0.3694   5.9980  -0.2761
  5.9980  -0.2761   5.9760  -0.2371
  5.9760  -0.2371   5.9891  -0.1321
  5.9891  -0.1321   6.0838  -0.1053
  6.0838  -0.1053   5.8854  -0.0003
  5.8854  -0.0003   5.8540  -0.0241
  5.8540  -0.0241   5.7847  -0.0055
  5.7847  -0.0055   5.6355  -0.0972
  5.6355  -0.0972   5.4656  -0.1568
  5.4656  -0.1568   5.4440  -0.1655
  5.7847  -0.0055   5.8330  -0.1358
  5.8330  -0.1358   5.7877  -0.2420
  4.9724   0.2630   4.9978   0.2417
  4.9978   0.2417   5.1761   0.1850
  5.1761   0.1850   5.1957   0.1548
  5.1957   0.1548   5.2155   0.1117
  5.2155   0.1117   5.2031   0.0175
  5.2031   0.0175   5.1343  -0.0224
  5.1343  -0.0224   5.0014  -0.0849
  5.0014  -0.0849   4.9815  -0.1001
  5.2853  -0.0143   5.2031   0.0175
  5.2031   0.0175   5.0855   0.0541
  4.5863  -1.0591   4.5613  -0.9838
  4.5613  -0.9838   4.5610  -0.9689
  4.5610  -0.9689   4.5895  -0.8703
  4.5895  -0.8703   4.4487  -0.9276
  4.4487  -0.9276   4.4445  -0.9771
  4.4445  -0.9771   4.4059  -1.0303
  4.4445  -0.9771   4.5613  -0.9838
  0.8362   0.3441   0.7819   0.3723
  0.7819   0.3723   0.7416   0.4756
  0.7416   0.4756   0.5549   0.4093
  0.5549   0.4093   0.5002   0.3630
  0.5002   0.3630   0.4954   0.3366
  1.5688   0.9474   1.5688   0.7842
  1.5688   0.7842   1.5695   0.6493
  1.5695   0.6493   1.2959   0.5786
  1.2959   0.5786   1.3374   0.7197
  1.3374   0.7197   1.3198   0.7167
  1.3198   0.7167   1.3176   0.7647
  1.3176   0.7647   1.3374   0.7197
  1.3374   0.7197   1.3817   0.8026
  1.3817   0.8026   1.5688   0.7842
  3.7240   0.9038   3.7366   0.8043
  3.7366   0.8043   3.8051   0.6685
  3.8051   0.6685   3.9354   0.7048
  3.9354   0.7048   3.9946   0.5812
  3.9946   0.5812   4.0337   0.6522
  3.9946   0.5812   3.8614   0.4724
  3.8614   0.4724   3.7336   0.3345
  3.7336   0.3345   3.8041   0.5300
  3.8041   0.5300   3.8051   0.6685
  3.6192   0.2755   3.6096   0.3046
  3.6096   0.3046   3.6419   0.3208
  3.6419   0.3208   3.7336   0.3345
  3.7336   0.3345   3.8429   0.2865
  3.8429   0.2865   3.8447   0.2394
  1.2242  -0.7304   1.2306  -0.6481
  1.2971   0.9381   1.3238   1.0548
  1.3238   1.0548   1.2830   1.1577
  1.2830   1.1577   1.0052   1.2447
  1.0052   1.2447   0.9122   1.0460
  2.3495   0.2068   2.2893   0.3168
  2.2893   0.3168   2.2832   0.3747
  2.2832   0.3747   2.2980   0.5018
  2.2893   0.3168   2.1664   0.1603
  3.3859   0.6685   3.2888   0.7217
  1.8071  -0.2100   1.8489  -0.2729
  1.8489  -0.2729   1.8157  -0.2976
  1.8157  -0.2976   1.7677  -0.2915
  1.7677  -0.2915   1.6698  -0.3133
  1.7677  -0.2915   1.8457  -0.4160
  1.8457  -0.4160   1.8691  -0.4605
  1.8691  -0.4605   1.8400  -0.4875
  1.8400  -0.4875   1.8266  -0.5056
  1.8266  -0.5056   1.6594  -0.5245
  1.8691  -0.4605   1.8972  -0.4672
  1.8972  -0.4672   1.9142  -0.4355
  1.8972  -0.4672   1.9378  -0.5114
  2.0041   0.0910   1.9510   0.1446
  5.3129  -0.2182   5.3276  -0.2577
  5.3276  -0.2577   5.4371  -0.4410
  5.4371  -0.4410   5.4620  -0.4698
  5.4620  -0.4698   5.5289  -0.4363
  5.5289  -0.4363   5.6141  -0.3910
  5.6141  -0.3910   5.6595  -0.3395
  5.6595  -0.3395   5.7030  -0.2813
  5.7030  -0.2813   5.6726  -0.2906
  5.6726  -0.2906   5.5948  -0.2938
  5.5948  -0.2938   5.5237  -0.3005
  5.5237  -0.3005   5.3276  -0.2577
  1.6752  -0.9195   1.7234  -0.9244
  1.7234  -0.9244   1.7882  -0.9358
  1.7882  -0.9358   2.0803  -0.9244
  2.0803  -0.9244   2.1926  -1.0385
  2.1926  -1.0385   2.4307  -1.0344
  2.4307  -1.0344   2.6925  -1.0702
  2.6925  -1.0702   2.7576  -1.0766
  2.7576  -1.0766   2.8053  -1.1237
  2.8053  -1.1237   2.6779  -1.2223
  2.6779  -1.2223   2.4138  -1.2168
  2.4138  -1.2168   2.5617  -1.1356
  0.4992   1.1112   0.3744   1.0513
  0.3744   1.0513   0.2474   1.0597
  0.2474   1.0597   0.1766   0.9867
  0.1766   0.9867   0.0400   1.0321
  0.2474   1.0597   0.1440   1.0981
  0.1440   1.0981   0.6504   1.1764
  0.1766   0.9867   0.1613   0.9404
  0.1613   0.9404   0.3102   0.9623
  3.4933  -0.6405   3.5388  -0.6877
  3.5388  -0.6877   3.6191  -0.6013
  3.6191  -0.6013   3.6943  -0.6347
  3.6943  -0.6347   3.7548  -0.6612
  3.7548  -0.6612   3.8483  -0.6594
  3.8483  -0.6594   3.8556  -0.6138
  3.7548  -0.6612   3.8201  -0.7357
  3.8201  -0.7357   3.9234  -0.7348
  3.6943  -0.6347   3.6194  -0.7275
  3.6194  -0.7275   3.6198  -0.7412
  3.6198  -0.7412   3.6457  -0.8252
  3.6457  -0.8252   3.5773  -0.9329
  3.5773  -0.9329   3.3227  -0.8543
  3.3227  -0.8543   3.3747  -0.7010
  3.3747  -0.7010   3.6194  -0.7275
  3.3227  -0.8543   3.2639  -0.8764
  3.2639  -0.8764   3.1781  -0.8852
  3.1781  -0.8852   3.1924  -0.9140
  3.1924  -0.9140   2.9714  -0.9509
  2.9714  -0.9509   3.0827  -1.0676
  3.0827  -1.0676   3.0359  -1.0998
  3.6818  -1.0536   3.5773  -0.9329
  3.5773  -0.9329   3.8380  -1.0617
  5.3650   1.0993   5.4335   1.0792
  5.4335   1.0792   5.5788   1.0923
  5.5788   1.0923   5.6229   1.2313
  5.6229   1.2313   6.1930   1.3547
  6.1930   1.3547   5.9763   1.1554
  5.9763   1.1554   5.8069   1.0158
  5.8069   1.0158   5.5788   1.0923
  5.8069   1.0158   5.8252   0.9954
  5.8252   0.9954   5.8869   1.0193
  0.7125   0.0564   0.7953   0.0713
  0.7953   0.0713   0.7841   0.1553
  0.7841   0.1553   0.7197   0.1763
  0.7197   0.1763   0.6465   0.1475
  0.6465   0.1475   0.6801   0.0974
  0.6801   0.0974   0.7125   0.0564
  0.7125   0.0564   0.6958   0.0055
  0.6958   0.0055   0.6080  -0.0518
  0.6080  -0.0518   0.4864  -0.1804
  0.4864  -0.1804   0.3665  -0.1428
  0.3665  -0.1428   0.2992  -0.1774
  0.2992  -0.1774   0.4539  -0.2781
  0.4539  -0.2781   0.4864  -0.1804
  0.4539  -0.2781   0.5236  -0.3677
  0.5236  -0.3677   0.7160  -0.2417
  0.2992  -0.1774   0.1901  -0.3139
  0.1901  -0.3139   0.0848  -0.1539
  2.1753  -1.3424   2.7727  -1.3718
  2.7727  -1.3718   3.2216  -1.3840
  3.2216  -1.3840   2.8177  -1.4056
  2.8177  -1.4056   2.1844  -1.3523
  2.1844  -1.3523   2.1753  -1.3424
  4.0289  -1.0353   3.8506  -1.1339
  3.8506  -1.1339   4.0033  -1.0263
  1.4451  -0.6190   1.4819  -0.5946
  1.4819  -0.5946   1.5314  -0.6242
  1.5314  -0.6242   1.5600  -0.6158
  1.5600  -0.6158   1.6429  -0.6132
  1.6429  -0.6132   1.6672  -0.5835
  1.5314  -0.6242   1.5670  -0.7470
  3.4469   0.3057   3.4552   0.4864
  3.4552   0.4864   3.2591   0.4933
  4.9685  -0.6475   5.0021  -0.6466
  5.0021  -0.6466   5.0155  -0.6615
  5.0155  -0.6615   5.0180  -0.6865
  5.0180  -0.6865   5.0105  -0.7066
  5.0105  -0.7066   4.9877  -0.7345
  4.9877  -0.7345   4.9579  -0.7453
  4.9579  -0.7453   4.9287  -0.7581
  4.0707   0.5472   4.0484   0.5079
  4.0484   0.5079   4.0783   0.4660
  4.0783   0.4660   4.1135   0.4587
  4.1135   0.4587   4.1434   0.4549
  4.1434   0.4549   4.1782   0.4689
  4.1782   0.4689   4.1950   0.5210
  3.1782  -0.4314   3.1857  -0.3947
  3.1857  -0.3947   3.2105  -0.3060
  3.2105  -0.3060   3.2719  -0.2880
  3.2719  -0.2880   3.2915  -0.4081
  3.2915  -0.4081   3.1857  -0.3947
  3.1241  -0.2993   3.0751  -0.3203
  3.0751  -0.3203   2.9883  -0.3086
  2.9883  -0.3086   2.9642  -0.2577
  2.9642  -0.2577   2.9871  -0.1894
  2.9871  -0.1894   3.0398  -0.1710
  2.9883  -0.3086   2.9306  -0.3982
  2.9306  -0.3982   2.8788  -0.3191
  2.8788  -0.3191   2.9642  -0.2577
  3.2577  -1.1010   3.2776  -0.9966
  3.3497  -1.0417   3.2076  -1.0251
  5.0488   0.9314   5.1038   0.9026
  5.1038   0.9026   5.1332   0.8764
  5.1332   0.8764   5.1704   0.7874
  5.1704   0.7874   5.3330   0.7025
  5.3330   0.7025   5.4376   0.5928
  5.4376   0.5928   5.5542   0.5274
  5.5542   0.5274   5.6904   0.5015
  5.5542   0.5274   5.5759   0.6088
  5.5759   0.6088   5.5622   0.6638
  5.5622   0.6638   5.5737   0.6874
  5.5737   0.6874   5.6460   0.7956
  5.6460   0.7956   5.7020   0.8604
  5.4168   0.7901   5.3330   0.7025
  5.3330   0.7025   5.2198   0.6123
  5.2198   0.6123   5.1948   0.5742
  5.1948   0.5742   5.1081   0.4878
  5.3809   0.1972   5.3998   0.2545
  5.3998   0.2545   5.4256   0.2630
  5.4256   0.2630   5.4395   0.2813
  5.4395   0.2813   5.4089   0.2775
  5.4089   0.2775   5.3998   0.2545
  1.1172  -0.8986   1.1956  -0.9605
  1.1956  -0.9605   1.3330  -1.0030
  1.3330  -1.0030   1.4558  -1.0905
  1.4558  -1.0905   1.5043  -1.1473
  1.4558  -1.0905   1.5451  -1.1010
  4.5909   0.9631   4.5834   0.9128
  4.5834   0.9128   4.6976   0.8986
  4.6976   0.8986   4.6842   0.9925
  4.6842   0.9925   4.5909   0.9631
  4.6842   0.9925   5.0289   1.1807
  5.0289   1.1807   5.1844   1.2264
  5.1844   1.2264   4.8042   1.2691
  4.8042   1.2691   4.4888   1.1467
  4.4888   1.1467   4.2934   1.0734
  4.2934   1.0734   4.1969   1.0219
  4.1969   1.0219   4.0358   1.0289
  4.0358   1.0289   3.6842   1.1234
  3.6842   1.1234   3.2876   1.2179
  3.2876   1.2179   3.0168   1.2098
  5.5609   0.1745   5.5977   0.1187
  5.5977   0.1187   5.5667   0.0913
  5.5667   0.0913   5.5429   0.1766
  1.3488  -0.1527   1.3432  -0.0887
  1.3432  -0.0887   1.2780  -0.0951
  1.2780  -0.0951   1.2457  -0.0567
  1.2457  -0.0567   1.2056  -0.0585
  1.2056  -0.0585   1.0990  -0.1193
  1.0990  -0.1193   1.0386  -0.2356
  1.0386  -0.2356   0.9867  -0.2112
  0.9867  -0.2112   0.9740  -0.1702
  0.9740  -0.1702   0.9291  -0.1649
  0.9291  -0.1649   0.7698  -0.1550
  0.7698  -0.1550   0.7204  -0.3240
  0.7204  -0.3240   0.7461  -0.3665
  0.7461  -0.3665   0.7959  -0.4122
  0.7959  -0.4122   0.8705  -0.3796
  0.8705  -0.3796   0.9327  -0.3773
  0.9327  -0.3773   0.9897  -0.4055
  0.9897  -0.4055   1.0468  -0.4189
  1.0468  -0.4189   1.1934  -0.5195
  1.1934  -0.5195   1.2022  -0.5332
  1.2022  -0.5332   1.1521  -0.5937
  1.1521  -0.5937   1.1253  -0.5896
  1.1253  -0.5896   1.0011  -0.6318
  1.0011  -0.6318   0.9975  -0.6565
  0.9975  -0.6565   0.8724  -0.7517
  0.8724  -0.7517   0.7778  -0.7034
  0.7778  -0.7034   0.7010  -0.6955
  0.7010  -0.6955   0.6973  -0.7485
  0.6973  -0.7485   0.6413  -0.8325
  0.6413  -0.8325   0.5956  -0.8988
  0.5956  -0.8988   0.5059  -0.9006
  0.5059  -0.9006   0.4263  -0.9989
  0.8380  -0.5059   0.7377  -0.5655
  0.7377  -0.5655   0.5431  -0.5111
  1.6357   0.3927   1.6710   0.3927
  1.6710   0.3927   1.7625   0.4384
  1.7625   0.4384   1.8812   0.5277
  1.8812   0.5277   1.9596   0.5547
  1.9596   0.5547   1.9836   0.5565
  1.9836   0.5565   2.0215   0.5041
  2.0215   0.5041   2.0303   0.4890
  2.0303   0.4890   2.0265   0.4256
  2.0265   0.4256   1.9203   0.3834
  1.9203   0.3834   1.8505   0.3590
  1.8505   0.3590   1.7353   0.2859
  1.7353   0.2859   1.6972   0.3526
  1.6972   0.3526   1.6710   0.3927
  1.7353   0.2859   1.7626   0.2307
  1.9203   0.3834   1.9116   0.2886
  5.7331  -0.6519   5.7862  -0.6900
  5.7862  -0.6900   5.8277  -0.7214
  5.8277  -0.7214   5.8873  -0.7589
  5.8873  -0.7589   5.9458  -0.8183
  5.9458  -0.8183   5.9714  -0.8956
  5.9714  -0.8956   6.0252  -0.9207
  5.7955  -0.8194   5.9458  -0.8183
  5.9458  -0.8183   6.0666  -0.7895
  6.0666  -0.7895   6.0513  -0.7595
  4.2270   0.7842   4.3376   0.7406
  4.3376   0.7406   4.3760   0.6792
  4.3760   0.6792   4.3689   0.5515
  4.3689   0.5515   4.3206   0.3750
  4.3206   0.3750   4.2843   0.3342
  4.3206   0.3750   4.5144   0.2510
  4.6228   0.8029   4.6960   0.6501
  4.6960   0.6501   4.5539   0.6481
  4.5539   0.6481   4.5162   0.6423
  4.5162   0.6423   4.3760   0.6792
  4.5162   0.6423   4.4518   0.5396
  4.4518   0.5396   4.3689   0.5515
  4.4518   0.5396   4.5160   0.4334
  4.5160   0.4334   4.5845   0.4555
  4.5845   0.4555   4.6533   0.4837
  4.6533   0.4837   4.7026   0.5102
  4.7026   0.5102   4.7453   0.5018
  4.7453   0.5018   4.7058   0.5268
  4.7453   0.5018   4.8158   0.3799
  4.8158   0.3799   4.7506   0.3630
  4.8158   0.3799   4.9116   0.3584
  4.9116   0.3584   4.9175   0.3171
  1.1083  -0.7380   0.7092  -0.8866
  0.7092  -0.8866   0.6868  -0.9169
  0.6868  -0.9169   0.7010  -0.9521
  0.7010  -0.9521   0.8011  -1.0425
  0.8011  -1.0425   0.7802  -1.1182
  3.6930  -0.4654   3.4859  -0.4043
  3.4859  -0.4043   3.1106  -0.5917
  3.1106  -0.5917   3.0238  -0.5559
  3.0238  -0.5559   2.8344  -0.2825
  2.8344  -0.2825   2.7317  -0.2938
  2.7317  -0.2938   2.6641  -0.2155
  2.6641  -0.2155   2.6402  -0.2278
  2.6402  -0.2278   2.5808  -0.2589
  2.5808  -0.2589   2.4765  -0.1510
  2.4765  -0.1510   2.5300  -0.0198
  2.5300  -0.0198   2.4189   0.0401
  2.4189   0.0401   2.3361   0.1036
  2.3361   0.1036   2.2829   0.0591
  2.2829   0.0591   2.2634   0.0582
  2.2634   0.0582   2.2586   0.0995
  2.2586   0.0995   2.2985   0.1120
  2.2985   0.1120   2.3361   0.1036
  0.9915  -1.2956   0.1123  -1.3483
  0.1123  -1.3483   0.6962  -1.1915
  0.6962  -1.1915   0.6184  -1.1982
  0.6184  -1.1982   0.5015  -1.1804
  0.5015  -1.1804   0.5182  -1.0745
  5.3999  -0.8252   5.5845  -0.9326
  5.5845  -0.9326   5.7504  -0.9596
  5.5845  -0.9326   5.4751  -1.0201
  5.8293   0.6586   5.8925   0.7525
  5.8925   0.7525   5.8885   0.8325
  5.8885   0.8325   5.8665   0.8634
  5.8665   0.8634   5.8624   0.9114
  5.8624   0.9114   5.8960   0.8773
  5.8960   0.8773   5.8885   0.8325
  2.4637   0.4567   2.4945   0.4008
  2.4945   0.4008   2.5562   0.4148
  2.5562   0.4148   2.5864   0.4538
  2.5864   0.4538   2.6907   0.4087
  2.6907   0.4087   2.7051   0.3462
  2.7051   0.3462   2.6500   0.2923
  2.6500   0.2923   2.6545   0.2089
  2.6545   0.2089   2.5357   0.1725
  2.6545   0.2089   2.9419   0.2691
  2.9419   0.2691   3.0939   0.2542
  3.0939   0.2542   2.9413   0.3581
  2.9413   0.3581   2.7051   0.3462
  2.9419   0.2691   2.9841   0.1836
  2.9841   0.1836   2.9720   0.1050
  2.8506   0.5969   2.7396   0.6405
  2.7396   0.6405   2.6504   0.6149
  1.3627  -0.2071   1.3667  -0.2257
  1.3667  -0.2257   1.3944  -0.2298
  1.3944  -0.2298   1.3654  -0.2827
  1.3654  -0.2827   1.4518  -0.3110
  1.4518  -0.3110   1.5138  -0.2586
  1.5138  -0.2586   1.5254  -0.2528
  1.5254  -0.2528   1.5551  -0.2473
  1.4518  -0.3110   1.4322  -0.3622
  1.5328  -0.3642   1.5030  -0.3915
  1.5030  -0.3915   1.4322  -0.3622
  1.4322  -0.3622   1.3982  -0.3706
  1.3982  -0.3706   1.3328  -0.3904
  4.1808  -0.2490   4.1619  -0.2918
  4.1619  -0.2918   4.1193  -0.2734
  4.1193  -0.2734   4.0820  -0.2580
  4.0820  -0.2580   4.0012  -0.1635
  4.0012  -0.1635   3.8871  -0.2798
  3.8871  -0.2798   3.9447  -0.4410
  3.9447  -0.4410   4.0884  -0.4910
  4.0884  -0.4910   4.0956  -0.5195
  3.9447  -0.4410   4.0012  -0.1635
  4.2176  -0.6423   4.1892  -0.6699
  4.1892  -0.6699   4.0803  -0.7185
  4.0803  -0.7185   4.0259  -0.7799
  4.0259  -0.7799   3.9791  -0.8506
  3.9791  -0.8506   3.9805  -0.9090
  3.9805  -0.9090   3.8482  -0.8270
  3.8482  -0.8270   3.9206  -0.7528
  3.9206  -0.7528   4.0202  -0.7092
  4.0202  -0.7092   4.0221  -0.6327
  4.0221  -0.6327   4.1494  -0.5867
  4.0803  -0.7185   4.0202  -0.7092
  2.4480   0.6001   2.4384   0.6423
  2.4384   0.6423   2.3590   0.7290
  2.3590   0.7290   2.1940   0.7537
  2.1940   0.7537   1.9491   0.8587
  1.9491   0.8587   1.8207   1.0196
  1.8207   1.0196   1.6563   1.0297
  4.9538   0.7668   5.0343   0.6830
  5.0343   0.6830   5.0456   0.6656
  5.0456   0.6656   4.8735   0.6769
  4.8735   0.6769   4.9058   0.6923
  4.8735   0.6769   4.9077   0.6562
  4.9077   0.6562   4.9308   0.5821
  4.9308   0.5821   4.9695   0.5704
  4.9695   0.5704   4.9468   0.6452
  4.9468   0.6452   4.9077   0.6562
  4.8735   0.6769   4.7991   0.6292
  1.6154  -1.3046   1.4480  -1.3323
  1.4480  -1.3323   1.2879  -1.3078
  1.2879  -1.3078   1.3208  -1.2444
  5.5884  -0.7121   5.5760  -0.5614
  5.5760  -0.5614   5.5033  -0.5629
  5.5033  -0.5629   5.4540  -0.5893
  2.1318  -0.0521   2.0125  -0.1667
  2.0125  -0.1667   1.8844  -0.0084
  1.8844  -0.0084   1.6965  -0.1225
  1.6965  -0.1225   1.6355  -0.1094
  1.6355  -0.1094   1.6745   0.0800
  1.6745   0.0800   1.7143   0.1277
  3.4133  -1.2485   3.3038  -1.2066
  3.3038  -1.2066   3.2833  -1.2587
  3.3435  -1.1886   3.3038  -1.2066
  3.3038  -1.2066   3.2182  -1.1860
  3.2182  -1.1860   3.0903  -1.1659
  4.3073  -0.8299   4.2630  -0.8738
  4.2630  -0.8738   4.2753  -0.8753
  4.2753  -0.8753   4.2028  -0.8590
  3.7826  -1.4603   5.6787  -1.3506
  5.6787  -1.3506   5.8469  -1.4038
  5.8469  -1.4038   5.9604  -1.4201
  5.9604  -1.4201   3.7826  -1.4603
  4.5466  -0.4360   4.4958  -0.2743
  4.4958  -0.2743   4.3510  -0.1844
  4.3510  -0.1844   4.3246  -0.2897
  4.3510  -0.1844   4.2686  -0.0817
  4.2686  -0.0817   4.2513  -0.0643
  4.2513  -0.0643   4.3236   0.0346
  4.3236   0.0346   4.4404   0.1635
  4.4404   0.1635   4.4243   0.1772
  4.4404   0.1635   4.6029   0.2190
  4.6029   0.2190   4.7444   0.1667
  4.7444   0.1667   4.7361   0.0433
  4.7361   0.0433   4.7082  -0.1705
  4.7361   0.0433   4.7152   0.0509
  4.7152   0.0509   4.6594   0.0471
  4.6594   0.0471   4.6402   0.0797
  4.6402   0.0797   4.5662   0.0721
  1.5878   0.3514   1.6229   0.2478
  1.6229   0.2478   1.5811   0.1681
  1.5811   0.1681   1.5497   0.1292
  1.5497   0.1292   1.4869  -0.0337
  1.4869  -0.0337   1.5173  -0.1687
  1.5173  -0.1687   1.3724  -0.1431
  1.3724  -0.1431   1.4486  -0.0049
  1.4486  -0.0049   1.4187   0.1105
  1.4187   0.1105   1.4623   0.1734
  1.4623   0.1734   1.5497   0.1292
  1.4187   0.1105   1.2646   0.1213
  1.2646   0.1213   1.2706   0.0977
  1.2706   0.0977   1.2838   0.0425
  1.2838   0.0425   1.3026   0.0297
  1.2646   0.1213   1.2680   0.1553
  1.2680   0.1553   1.2867   0.1772
  5.3478  -0.9902   5.4320  -1.1554
  5.4320  -1.1554   5.4190  -1.1650
  5.4190  -1.1650   5.2385  -1.2723
  5.2385  -1.2723   4.9002  -1.2465
  4.9002  -1.2465   4.6500  -1.1295
  4.6500  -1.1295   4.7498  -1.1112
  4.7498  -1.1112   4.8138  -1.0731
  4.8138  -1.0731   4.9402  -1.0853
  4.9402  -1.0853   5.2739  -1.1548
  5.2739  -1.1548   5.4320  -1.1554
  5.4320  -1.1554   5.6131  -1.1406
  5.6905   0.1722   5.8041   0.1079
  5.8041   0.1079   5.9405   0.1888
  5.9405   0.1888   5.9634   0.2123
  5.9634   0.2123   6.0422   0.2653
  6.0422   0.2653   0.0577   0.2650
  0.0577   0.2650   0.0365   0.5076
  0.0365   0.5076   6.0378   0.4899
  6.0378   0.4899   6.0422   0.2653
  5.6925   0.4474   5.7901   0.4422
  5.7901   0.4422   5.9472   0.5274
  5.9472   0.5274   6.0378   0.4899
  6.0378   0.4899   5.9778   0.4294
  5.9778   0.4294   5.9626   0.4110
  5.9626   0.4110   5.6920   0.3028
  1.0759   0.8788   1.1121   0.8447
  1.1121   0.8447   1.0850   0.8325
  1.0850   0.8325   0.9726   0.8340
  0.9726   0.8340   0.9445   0.8410
  0.9445   0.8410   0.8914   0.8700
  0.8914   0.8700   0.8063   0.9338
  0.8063   0.9338   0.7448   0.9753
  0.9726   0.8340   0.9826   0.7429
  0.9826   0.7429   1.0377   0.6981
  1.0377   0.6981   1.0427   0.6245
  1.0427   0.6245   1.0216   0.5565
  1.0216   0.5565   0.9787   0.5635
  0.8914   0.8700   0.8250   0.8657
  0.8250   0.8657   0.7163   0.8590
  0.8250   0.8657   0.8268   0.7828
  0.8268   0.7828   0.8210   0.7147
  0.8210   0.7147   0.8079   0.6778
  0.8079   0.6778   0.7800   0.6920
  0.3981  -0.8564   0.3856  -0.7560
  0.3856  -0.7560   0.3280  -0.7944
  0.3280  -0.7944   0.2883  -0.8154
  0.2883  -0.8154   0.1146  -0.7383
  0.1146  -0.7383   0.0410  -0.7982
  0.0410  -0.7982   6.1744  -0.7435
  6.1744  -0.7435   6.1865  -0.7938
  6.1865  -0.7938   6.2785  -0.9204
  0.2883  -0.8154   0.2983  -0.9640
  0.2983  -0.9640   0.1891  -1.0027
  0.1891  -1.0027   0.0410  -0.7982
  1.7810  -1.0809   1.5264  -0.9803
  1.5264  -0.9803   1.5152  -0.8910
  0.3127   0.5251   0.3467   0.4756
  0.3467   0.4756   0.3217   0.4291
  0.3217   0.4291   0.3991   0.2676
  0.3991   0.2676   0.4599   0.1597
  0.4599   0.1597   0.5325   0.0480
  0.5325   0.0480   0.4426   0.0957
  0.4426   0.0957   0.3934   0.1070
  0.3934   0.1070   0.2746   0.1376
  0.2746   0.1376   0.2123   0.1324
  0.2123   0.1324   6.2801   0.1196
  6.2801   0.1196   6.1956   0.0980
  6.1956   0.0980   6.1434   0.1111
  6.1434   0.1111   6.0963   0.0570
  6.0963   0.0570   6.1389   0.0218
  6.1389   0.0218   6.2048   0.0308
  6.2048   0.0308   6.1956   0.0980
  6.0111  -0.5169   5.9369  -0.4718
  5.9369  -0.4718   5.8220  -0.4846
  5.8220  -0.4846   5.7061  -0.5390
  5.7061  -0.5390   5.6938  -0.5762
  5.6938  -0.5762   5.7961  -0.5757
  5.7961  -0.5757   5.8970  -0.5643
  5.8970  -0.5643   5.9888  -0.5736
  5.9888  -0.5736   6.0036  -0.5678
  6.0036  -0.5678   6.0111  -0.5169
  2.1338  -0.3357   2.0807  -0.3991
  2.0807  -0.3991   2.0477  -0.4337
  2.0477  -0.4337   2.0019  -0.4677
  2.0019  -0.4677   1.9869  -0.4951
  1.9869  -0.4951   1.9665  -0.5402
  1.9665  -0.5402   1.9074  -0.6472
  1.9074  -0.6472   1.7356  -0.7537
  1.7356  -0.7537   1.7887  -0.8831
  1.7887  -0.8831   1.8916  -0.7790
  1.8916  -0.7790   1.9602  -0.7557
  1.9602  -0.7557   2.1100  -0.6981
  2.1100  -0.6981   2.1273  -0.4241
  2.1273  -0.4241   2.0807  -0.3991
  2.2694  -0.6161   2.2846  -0.5792
  2.2846  -0.5792   2.3149  -0.4835
  0.9781  -1.1310   1.1102  -1.0902
  1.1102  -1.0902   1.1190  -1.0350
  1.1190  -1.0350   1.0529  -1.0658
  1.0529  -1.0658   1.0417  -1.0716
  1.0417  -1.0716   0.9781  -1.1310
  5.2584   0.3488   5.2305   0.3400
  5.2305   0.3400   5.1809   0.3235
  5.1809   0.3235   5.1532   0.3049
  5.1809   0.3235   5.1492   0.3142
  5.0754  -0.7816   5.2153  -0.7307
  5.2153  -0.7307   5.0783  -0.7086
  5.2153  -0.7307   5.2348  -0.6155
  5.2348  -0.6155   5.2353  -0.6053
  5.2353  -0.6053   5.2476  -0.4835
  5.2476  -0.4835   5.2226  -0.4741
  5.2226  -0.4741   5.1343  -0.4343
  5.1343  -0.4343   5.0420  -0.4407
  5.0420  -0.4407   5.0044  -0.4829
  5.0044  -0.4829   4.9855  -0.5213
  4.9855  -0.5213   4.9115  -0.4709
  4.9115  -0.4709   4.9535  -0.4587
  4.9535  -0.4587   5.0044  -0.4829
  4.9535  -0.4587   4.9946  -0.3793
  4.9946  -0.3793   5.0168  -0.3668
  5.0168  -0.3668   5.0511  -0.3307
  5.0511  -0.3307   5.0687  -0.3113
  4.9946  -0.3793   4.9643  -0.3683
  4.9115  -0.4709   4.8344  -0.4436
  4.8344  -0.4436   4.7725  -0.3674
  4.8344  -0.4436   4.8040  -0.5204
  4.8040  -0.5204   4.8178  -0.6001
  4.8178  -0.6001   4.7893  -0.6414
  4.8040  -0.5204   4.7377  -0.5309
  4.7377  -0.5309   4.6581  -0.4855
  4.2125  -0.3456   4.2185  -0.3607
  4.2185  -0.3607   4.2410  -0.3392
  4.2410  -0.3392   4.2077  -0.1984
  4.2077  -0.1984   4.2125  -0.3456
  4.2125  -0.3456   4.1902  -0.3947
  4.1902  -0.3947   4.1837  -0.4555
  4.1837  -0.4555   4.1751  -0.5096
  4.1902  -0.3947   4.2811  -0.4465
  4.2811  -0.4465   4.3169  -0.4611
  4.3169  -0.4611   4.3453  -0.4922
  4.3453  -0.4922   4.4077  -0.5984
  4.4077  -0.5984   4.3257  -0.6056
  4.3257  -0.6056   4.3475  -0.6152
  4.3475  -0.6152   4.4077  -0.5984
  4.4077  -0.5984   4.4151  -0.6638
  4.4151  -0.6638   4.4269  -0.7391
  4.4269  -0.7391   4.5035  -0.7546
  4.5035  -0.7546   4.6133  -0.7502
  4.6133  -0.7502   4.6581  -0.7002
  4.6581  -0.7002   4.6359  -0.6810
  4.6359  -0.6810   4.5972  -0.6475
  4.6581  -0.7002   4.6680  -0.6464
  0.2557  -0.5123   0.0938  -0.5056
  0.0938  -0.5056   6.2349  -0.4907
  6.2349  -0.4907   6.1034  -0.5675
  6.1034  -0.5675   6.1652  -0.6600
  4.9182  -0.0826   4.8660  -0.1437
  4.8660  -0.1437   4.8398  -0.2539
  4.8660  -0.1437   4.8157  -0.1559
  4.1434  -0.0596   4.1465   0.0381
  4.1465   0.0381   4.1486   0.0780
  4.1486   0.0780   4.1201   0.1120
  4.1201   0.1120   4.0788   0.1838
  4.0788   0.1838   4.1284   0.2691
  4.1284   0.2691   4.1732   0.2731
  4.1732   0.2731   4.1396   0.3165
  4.1396   0.3165   4.1284   0.2691
  2.7501  -0.0111   2.6526  -0.0064
  2.6526  -0.0064   2.5853  -0.1414
  1.4238   0.4992   1.2315   0.4006
  1.2315   0.4006   1.1720   0.3345
  1.1720   0.3345   1.1583   0.3127
  1.1583   0.3127   1.1473   0.3060
  1.1473   0.3060   1.1336   0.2726
  1.1336   0.2726   1.1723   0.2769
  1.1723   0.2769   1.2038   0.2880
  1.2038   0.2880   1.4732   0.3688
  1.1336   0.2726   1.0501   0.2179
  1.0501   0.2179   0.9201   0.2257
  0.9201   0.2257   0.9039   0.1696
  0.9039   0.1696   0.8936   0.1574
  1.0501   0.2179   1.1148   0.1550
  1.1148   0.1550   1.0609   0.1044
  4.7614  -0.8020   4.8301  -0.8023
  4.8301  -0.8023   4.8382  -0.8564
  0.4933   0.5160   0.5365   0.5809
  0.5365   0.5809   0.5652   0.6106
  0.5652   0.6106   0.5991   0.5905
  0.5991   0.5905   0.4933   0.5160
  4.4010  -1.2046   4.1676  -1.1068
  4.1676  -1.1068   4.0871  -1.1574
  4.0871  -1.1574   4.0095  -1.1985
  4.0095  -1.1985   4.4010  -1.2046
  5.8789  -1.1336   5.8403  -1.0516
  5.8403  -1.0516   6.0975  -1.0164
  6.0975  -1.0164   6.2827  -1.1444
  6.2827  -1.1444   0.0876  -1.1321
  0.0876  -1.1321   0.1376  -1.0987
  0.1376  -1.0987   6.0975  -1.0164
  3.6108   0.8604   3.5078   0.9585
  3.5078   0.9585   3.3774   0.9765
  3.3774   0.9765   3.2089   0.9951
  3.2089   0.9951   3.1147   0.9370
  3.1147   0.9370   2.8878   0.9838
  2.8878   0.9838   2.8961   1.0777
  3.1147   0.9370   3.0807   0.8337
  3.0807   0.8337   2.9591   0.5501
  3.0807   0.8337   2.9220   0.7764
  2.9220   0.7764   2.6926   0.7487
  2.9220   0.7764   2.7154   0.7240
  2.8961   1.0777   2.4938   1.1004
  2.4938   1.1004   2.2265   1.0597
  2.8878   0.9838   2.5835   0.9434
  2.5835   0.9434   2.5786   1.0303
  2.5835   0.9434   2.4995   0.9018
  2.4995   0.9018   2.3527   0.8383
  2.3527   0.8383   2.3720   0.8229
  2.3720   0.8229   2.4995   0.9018
  0.6624   1.5577   4.5911   1.5112
  4.5911   1.5112   4.3894   1.4318
  4.3894   1.4318   4.1193   1.3576
  4.1193   1.3576   3.8864   1.2942
  3.8864   1.2942   4.0175   1.2537
  4.0175   1.2537   4.2651   1.3221
  4.2651   1.3221   4.1193   1.3576
  2.8221  -0.8625   2.7807  -0.8415
  2.7807  -0.8415   2.6823  -0.7351
  2.6823  -0.7351   2.4901  -0.7063
  2.4901  -0.7063   2.3911  -0.7578
  2.3911  -0.7578   2.2881  -0.7441
  2.2881  -0.7441   2.2586  -0.7502
  2.2586  -0.7502   2.1360  -0.8261
  2.1360  -0.8261   2.2893  -0.9547
  2.2893  -0.9547   2.4526  -0.9599
  2.4526  -0.9599   2.6043  -0.9524
  2.6043  -0.9524   2.8221  -0.8625
  3.1643   0.1521   3.0799   0.1137
  3.0799   0.1137   3.1010   0.0305
  3.1010   0.0305   3.2284  -0.0116
  3.2284  -0.0116   3.3234  -0.0250
  3.3234  -0.0250   3.3842   0.0591
  3.3842   0.0591   3.4128   0.1911
  3.3842   0.0591   3.5548  -0.0102
  3.5548  -0.0102   3.5133  -0.1946
  3.5133  -0.1946   3.4467  -0.0966
  3.4467  -0.0966   3.3234  -0.0250
  3.5548  -0.0102   3.6723   0.0268
  3.6723   0.0268   3.8669   0.0329
  3.5133  -0.1946   3.7215  -0.1792
  3.7215  -0.1792   3.7350  -0.1047
  3.7350  -0.1047   3.8531  -0.0986
  2.3668  -1.1586   2.2067  -1.1542
  2.2067  -1.1542   2.1289  -1.1976
  2.1289  -1.1976   1.9060  -1.1860
  1.9060  -1.1860   1.8706  -1.2302
  1.8706  -1.2302   2.0150  -1.2671
  2.0150  -1.2671   2.1289  -1.1976
  5.2075   0.4200   5.0994   0.4302
  5.0994   0.4302   5.0449   0.3732
  4.9576   0.0733   4.8053  -0.0503
  4.8053  -0.0503   4.6312  -0.2246
  4.6312  -0.2246   4.6145  -0.2685
  4.6145  -0.2685   4.5415  -0.2240
