0.0366  0.5077 2.06
0.3043  0.6217 2.06
0.4335  0.7747 4.98
0.1716  0.5386 3.27
0.1682  0.5116 4.37
0.2496  0.4087 4.42
0.5406  0.7388 2.26
0.5407  0.7388 4.84
6.1878  0.7552 4.29
6.1977  0.7738 4.14
6.1853  0.8108 3.82
0.2476  0.6719 3.87
0.2174  0.7170 4.53
0.3825  0.7925 4.83
6.0298  0.7387 3.62
0.3033  0.8245 4.25
0.1609  0.5885 4.36
6.2223  0.8102 4.95
0.0922  0.6627 5.18
0.0800  0.6420 4.52
0.4389  0.7082 4.94
0.0746  0.6751 4.61
0.4224  0.7227 4.09
0.3593  0.7946 4.88
0.2066  0.4235 4.06
6.0328  0.7463 5.1
6.0396  0.8736 4.65
6.0548  0.8096 5.33
6.0552  0.8604 5.7
6.0670  0.7600 5.94
6.0761  0.8623 4.52
6.0988  0.8555 4.85
6.1016  0.7291 6.02
6.1081  0.7344 5.79
6.1065  0.8487 5.44
6.1125  0.6664 5.77
6.1397  0.7490 5.75
6.1579  0.6848 5.22
6.1725  0.7023 5.59
6.1922  0.8809 5.3
0.0450  0.8041 5.03
0.0590  0.7162 5.72
0.0816  0.7643 6.11
0.1314  0.5193 5.23
0.1794  0.6887 5.33
0.2398  0.4124 5.47
0.2745  0.7216 5.98
0.2968  0.7669 5.03
0.3068  0.7345 5.65
0.3105  0.6584 5.81
0.3651  0.6583 5.58
0.3931  0.8204 5.27
0.4276  0.8487 3.57
0.4943  0.7109 5.4
0.5068  0.6502 5.67
0.5606  0.6608 4.82
0.5711  0.6814 6.1
0.5711  0.6814 5.63
0.5813  0.7720 4.83
0.6077  0.8269 5.3
0.6151  0.8753 5.59
0.6301  0.8728 5.19
0.6354  0.8775 4.71
0.6452  0.8826 6.12
2.7365 -0.5399 4.25
2.7471 -0.5130 5.56
2.4838 -0.5943 4.51
2.6131 -0.5953 5.23
2.8655 -0.6434 4.6
2.5491 -0.4578 4.79
2.4904 -0.5255 6.18
2.4904 -0.5255 7
2.4938 -0.5258 5.93
3.8740 -1.3780 3.83
4.3767 -1.3349 4.24
4.2776 -1.3492 4.68
4.2780 -1.3497 5.27
3.7628 -1.3944 5.06
3.7447 -1.4136 4.91
4.3347 -1.3457 3.89
4.5470 -1.2196 5.41
4.0645 -1.2673 5.49
4.1031 -1.2663 5.65
3.6884 -1.3125 5.5
4.5465 -1.1559 4.78
5.1958  0.1548 0.77
5.2155  0.1118 3.71
5.1599  0.2064 5.27
5.0854  0.0544 3.36
4.9725  0.2630 4.02
5.2031  0.0176 3.9
5.1760  0.1852 2.72
5.1344 -0.0125 4.36
5.1352 -0.1217 4.95
5.0015 -0.0544 3.44
5.1229  0.1288 4.45
5.0899  0.0059 4.66
5.0519  0.2024 5.28
5.0609  0.2013 6.02
5.1968  0.1818 5.11
5.2196  0.1994 5.28
5.1867  0.2062 5.72
5.1687  0.2322 6.26
5.2983  0.2652 4.95
5.1452  0.0942 5.17
5.2540  0.1270 5.52
5.2853  0.0143 3.23
5.1734  0.1329 5.91
5.2109  0.1477 4.71
4.9978  0.2420 2.99
4.9080  0.0360 5.02
4.9152  0.0168 5.9
4.9365 -0.0468 6.1
4.9689  0.2427 5.89
4.9702  0.2378 5.23
4.9815 -0.0744 4.02
4.9869 -0.0402 5.42
4.9958 -0.0693 5.42
5.0046  0.1932 5.09
5.0135  0.1060 5.22
5.0295 -0.1058 5.34
5.0340  0.0400 5.15
5.0463  0.0844 5.59
5.0551  0.0189 5.1
5.0564  0.0059 6.41
5.0638 -0.0800 5.01
5.0641  0.0156 5.49
5.0599  0.2160 5.53
5.0831  0.2085 5.16
5.1008  0.0340 5.8
5.1080 -0.0211 5.03
5.1274 -0.1648 5.12
5.1391 -0.0585 5.46
5.1519  0.0108 5.67
5.1584  0.2128 6.34
5.1958 -0.1612 5.39
5.2104 -0.1296 5.79
5.2125 -0.1357 5.71
5.2126 -0.1355 6.49
5.2131  0.0048 5.61
5.2551  0.0124 5.68
5.2710  0.0118 5.99
5.2937 -0.0173 5.47
5.3600 -0.0461 6.13
5.3654 -0.0195 4.91
5.3962 -0.0253 4.89
5.4033 -0.0156 4.32
5.7848  0.0056 2.96
5.6355 -0.0773 2.91
6.0949 -0.1095 5.06
5.9980 -0.2475 3.27
5.4440 -0.1484 3.77
5.9139  0.0021 4.02
5.8541 -0.0107 3.84
5.7877 -0.2117 4.27
5.9243 -0.0658 5.03
5.9892 -0.1121 3.74
5.4657 -0.1225 4.73
5.5397 -0.1855 4.51
6.1950 -0.2405 5
6.2078 -0.2348 4.49
5.7741 -0.0322 4.69
6.0839 -0.1039 4.22
5.8699  0.0240 4.66
6.0907 -0.1555 4.21
6.0995 -0.1539 4.39
6.1041 -0.1464 4.98
5.8477 -0.1078 5.37
5.8933 -0.1627 4.82
5.9678 -0.2434 5.66
5.9760 -0.2166 4.01
5.8330 -0.1085 4.16
5.9110 -0.3367 5.2
5.6625 -0.1073 4.69
5.8854  0.0004 4.59
5.8854  0.0003 4.42
5.4080  0.0085 5.16
5.4443 -0.0868 4.42
5.4604 -0.0763 5.99
5.4635 -0.0784 5.55
5.4843 -0.1449 5.51
5.5002 -0.0571 6.21
5.5156 -0.0729 7.31
5.5156 -0.0729 5.89
5.5771 -0.0607 5.82
5.5897 -0.0600 5.87
5.5979 -0.1515 5.99
5.6033 -0.1941 5.49
5.6078 -0.1440 5.7
5.6063 -0.0454 6.36
5.6081 -0.0426 5.49
5.6704  0.0392 5.1
5.6818  0.0224 5.67
5.7643  0.0106 5.58
5.7702 -0.2624 6.37
5.7739 -0.0956 5.54
5.7805  0.0158 5.3
5.7988 -0.3051 5.81
5.8059 -0.1821 5.46
5.8138 -0.2410 6.03
5.8220 -0.3652 5.32
5.8329 -0.1949 5.34
5.8342 -0.0805 5.75
5.8425 -0.2216 5.95
5.8538 -0.3561 5.13
5.8622 -0.4056 5.53
5.8663 -0.2177 5.76
5.8648 -0.0552 5.78
5.8755 -0.2663 6.35
5.8755 -0.2663 6.57
5.8918 -0.2341 6.37
5.8979 -0.1587 6.38
5.9082 -0.0074 5.89
5.9498 -0.2997 4.69
5.9482 -0.0879 6.41
5.9671 -0.3209 5.26
5.9712 -0.1648 6.19
5.9929 -0.1812 5.8
5.9985 -0.2745 5.56
5.9977 -0.1186 6.19
6.0275 -0.1211 6.21
6.0325 -0.0947 6.15
6.0439 -0.1101 5.43
6.0505 -0.3885 4.47
6.0626 -0.3635 3.66
6.0646 -0.3760 4.69
6.1048 -0.2189 5.08
6.1060 -0.0851 5.55
6.1202 -0.2611 5.2
6.1216 -0.3473 3.97
6.1350 -0.3379 4.39
6.1597 -0.3601 6.29
6.1666 -0.3331 4.71
6.2028 -0.3137 5.34
6.2036 -0.2825 4.82
6.2143 -0.3093 5.24
6.2222 -0.3023 5.29
6.2455 -0.2983 5.18
4.5895 -0.8399 2.95
4.5610 -0.9507 2.85
4.5863 -1.0353 3.62
4.4488 -0.9222 4.06
4.4643 -0.9209 5.29
4.4060 -1.0290 3.76
4.5614 -0.9708 3.34
4.5521 -0.8121 5.25
4.5640 -0.8616 5.23
4.6268 -0.8480 4.77
4.6432 -0.8756 5.15
4.6168 -0.9337 5.25
4.6062 -0.7940 4.59
4.7413 -0.8711 3.66
4.4446 -0.9426 3.13
0.5549  0.4095 2
0.5002  0.3632 2.64
0.8361  0.3443 4.35
0.7820  0.3725 4.63
0.5795  0.3702 5.27
0.4954  0.3368 4.83
0.4954  0.3367 4.75
0.5120  0.3110 5.1
0.5522  0.3953 5.03
0.5146  0.4118 4.79
0.7085  0.3493 5.69
0.6930  0.3833 5.43
0.7180  0.2672 5.77
0.7387  0.3048 5.22
0.7671  0.3199 5.91
0.7698  0.3146 5.63
0.7483  0.2632 5.49
0.8780  0.3691 5.28
0.8847  0.3620 5.09
0.6027  0.3473 5.62
0.6319  0.1852 5.47
0.8504  0.3673 4.89
0.4806  0.3888 5.86
0.4720  0.2959 5.84
0.5055  0.4115 5.74
0.5395  0.4527 5.63
0.5534  0.4486 6.15
0.5647  0.4527 4.98
0.5700  0.3403 5.7
0.5725  0.4527 6.02
0.5806  0.2667 5.71
0.5924  0.4500 5.79
0.5922  0.4371 5.58
0.6573  0.3465 6.15
0.6585  0.3090 6.23
0.6672  0.2624 6.04
0.6849  0.4302 7.09
0.6851  0.4302 6.5
0.6834  0.2172 5.68
0.7011  0.4723 5.3
0.7132  0.4836 4.66
0.7170  0.3100 6.46
0.7198  0.2172 5.18
0.7326  0.5105 4.51
0.7354  0.3191 5.82
0.7417  0.4758 3.63
0.7770  0.3607 5.8
0.7937  0.4619 5.9
0.8092  0.4408 6.8
0.8092  0.4408 7
0.8178  0.3121 6.11
0.8218  0.3280 6.27
0.8273  0.5075 5.72
0.8388  0.4757 5.79
0.8724  0.4725 5.9
0.8745  0.4479 6.12
0.8823  0.4818 5.52
0.8915  0.4315 5.5
0.8920  0.3631 6.08
0.9095  0.3980 6.03
1.3818  0.8028 0.08
1.5687  0.7845 1.9
1.4518  0.5619 4.76
1.5687  0.9474 3.72
1.3176  0.7649 2.99
1.3374  0.7197 3.17
1.2959  0.5789 2.69
1.6379  0.5148 4.35
1.3925  0.6999 4.71
1.3676  0.6717 4.86
1.5337  0.6833 3.97
1.3058  0.6613 4.94
1.5093  0.8696 5.47
1.4296  0.6017 5.07
1.5705  0.8018 4.26
1.6794  0.8602 4.91
1.7424  0.7416 4.79
1.7402  0.6964 5.2
1.7588  0.7771 5.02
1.7747  0.7606 5.25
1.7788  0.8515 5.22
1.7923  0.7292 5.02
1.8062  0.6720 6.48
1.8175  0.8076 5.87
1.4041  0.7296 5.23
1.4166  0.6525 4.99
1.5236  0.6838 4.52
1.5696  0.6495 2.62
1.5317  0.6511 4.74
1.5483  0.9723 4.99
1.3198  0.7169 3.75
1.2769  0.6406 4.78
1.3103  0.6876 5.95
1.3107  0.6921 6.58
1.3381  0.9006 5
1.3762  0.5705 5.02
1.3883  0.5824 4.54
1.3889  0.5893 6.14
1.3936  0.5932 6.49
1.3963  0.5927 5.03
1.4110  0.5050 6.46
1.4776  0.5322 5.4
1.5751  0.8360 5.73
1.5852  0.7489 6.1
1.5929  0.7502 5.87
1.5995  0.6717 5.36
1.6215  0.8502 6.09
1.6214  0.8502 6.82
1.6475  0.8103 6.52
1.6506  0.8091 6.38
1.6658  0.9329 5.36
1.7019  0.8148 5.9
1.6954  0.5322 5.55
1.7244  0.4891 5.27
1.7395  0.6875 5.69
1.7383  0.5059 5.79
1.7434  0.4933 6.03
1.8022  0.6784 6.12
1.8030  0.6709 6.3
1.8284  0.6641 6
1.8835  0.6863 4.9
1.9113  0.7135 5.78
1.9288  0.6416 5.13
1.9379  0.7099 5.19
3.7335  0.3348 -0.04
3.9355  0.7049 3.5
3.9902  0.5090 5.26
3.9946  0.5815 3.47
3.8615  0.4725 5.12
3.8615  0.4725 2.7
3.6420  0.3211 2.68
3.8052  0.6686 3.03
3.7357  0.8965 4.75
3.7239  0.9039 6.69
3.7240  0.9039 4.54
3.7367  0.8044 4.18
4.0338  0.6524 4.31
4.0340  0.6518 6.5
4.0619  0.7127 5.02
4.0657  0.7138 5.02
3.9362  0.4365 4.81
3.8626  0.2961 4.6
4.0920  0.7043 5.24
3.8429  0.2866 4.94
3.8429  0.2865 5.88
3.9464  0.4703 4.54
3.8041  0.5301 3.58
3.8165  0.5191 4.46
3.6096  0.3047 4.5
3.7751  0.9050 4.05
3.6193  0.2757 4.07
3.8894  0.3334 4.55
3.8447  0.2396 4.43
3.8447  0.2396 4.83
3.5809  0.3483 5.75
3.5825  0.3926 5.62
3.6073  0.4486 5.95
3.6203  0.3711 4.91
3.6356  0.3130 5.7
3.6502  0.4798 5.01
3.6593  0.3787 5.76
3.6703  0.4780 6.23
3.7106  0.4379 4.83
3.7014  0.8632 5.25
3.7267  0.2262 5.54
3.7300  0.1763 5.29
3.7493  0.2270 5.41
3.7514  0.2846 4.86
3.7806  0.3356 5.39
3.7901  0.8700 5.59
3.8072  0.3885 5.92
3.8469  0.1424 4.86
3.8473  0.2035 5.56
3.8346  0.7750 5.39
3.8547  0.4630 4.81
3.8804  0.8049 5.74
3.8820  0.8503 5.69
3.9253  0.6853 5.64
3.9435  0.8317 4.76
3.9589  0.4340 4.93
3.9636  0.4590 5.67
3.9507  0.8404 5.57
4.0222  0.5748 5.37
1.7678 -0.2668 -1.46
1.6698 -0.2800 1.98
1.8692 -0.4469 1.84
1.8266 -0.4717 1.5
1.9377 -0.5009 2.45
1.8490 -0.2507 4.12
1.8157 -0.2958 4.37
1.7883 -0.5496 3.96
1.6937 -0.5484 4.48
1.8156 -0.2436 5
1.7295 -0.3026 5.7
1.7309 -0.3271 3.95
1.7361 -0.3100 4.43
1.8972 -0.4403 3.85
1.8070 -0.4157 3.87
1.8458 -0.3869 3.02
1.8135 -0.3467 4.68
1.8401 -0.4549 3.47
1.9142 -0.4022 4.4
1.8072 -0.2088 4.07
1.7098 -0.3941 4.33
1.7238 -0.3671 4.54
1.6594 -0.5225 3.02
1.7648 -0.5398 5.2
1.7752 -0.2369 5.29
1.7760 -0.3662 6.08
1.8044 -0.3452 4.83
1.8110 -0.3420 5.74
1.8858 -0.4199 5.92
1.8948 -0.4476 4.66
1.9141 -0.4091 4.98
2.0041  0.0912 0.38
1.9511  0.1447 2.9
1.9727  0.0334 5.25
1.9774  0.0574 5.59
1.9821  0.0588 5.81
1.9445  0.1619 4.99
1.9549  0.1212 5.25
1.9555  0.1558 4.32
2.0582  0.0308 5.14
1.9415  0.2037 5.3
1.9626  0.2096 4.54
2.0345  0.1879 5.3
2.0872  0.0388 5.29
3.3860  0.6687 5.6
3.3861  0.6688 2.9
3.2888  0.7218 4.26
3.2120  0.7097 5.66
3.2280  0.8549 5.29
3.2454  0.7425 6.06
3.2464  0.8999 4.8
3.2544  0.6810 5.02
3.2727  0.8995 6.21
3.3108  0.7134 6.37
3.3379  0.6855 5.95
3.3541  0.8459 6.27
3.4284  0.6248 5.25
3.4457  0.6725 6.28
3.4473  0.6719 5.91
3.4712  0.7131 5.79
3.4799  0.7081 4.73
3.4830  0.8671 5.15
3.4920  0.7008 5.6
3.5537  0.8555 4.7
3.5668  0.6335 4.82
1.2242 -0.7005 4.45
1.2307 -0.6433 5.05
1.1817 -0.7513 5.07
1.3282 -0.6024 4.55
1.3283 -0.5986 6.34
1.2559 -0.5232 6.37
1.2830  1.1579 4.29
1.3239  1.0549 4.03
1.0051  1.2450 4.63
1.1870  0.9409 5.77
1.2216  0.9333 5.35
1.2213  0.9264 5.05
1.2567  0.9906 5.3
1.2874  0.9645 5.52
1.2972  0.9382 4.47
1.3080  0.9277 6.08
1.3358  1.0293 5.08
1.3361  1.0301 6.08
1.3680  1.0942 6.5
1.3939  1.0143 6.13
1.4114  1.0043 5.28
1.4406  1.1007 5.42
1.4511  0.9987 6.48
1.4715  1.1197 6.15
1.5016  1.0730 6.15
1.4967  0.9875 6.05
1.5119  0.9794 5.94
1.5296  0.9934 6.54
1.5372  1.0291 6.14
1.5488  1.0452 5.2
1.6269  1.1470 5.32
1.6144  1.0286 5.36
1.6392  1.0472 5.35
1.7931  1.1794 5.14
1.8051  1.2023 5.12
1.9298  1.0455 6.35
2.0353  1.0966 6.49
2.0362  1.1424 5.92
2.1018  1.0529 6.01
5.3130 -0.2006 4.24
5.3148 -0.1999 3.57
5.3277 -0.2307 3.08
5.5351 -0.3631 5.3
5.7030 -0.2770 2.87
5.6596 -0.3235 4.68
5.5170 -0.3167 4.84
5.6727 -0.2677 3.68
5.5949 -0.2647 4.28
5.6839 -0.2990 4.73
5.7008 -0.1856 5.58
5.7303 -0.2173 5.08
5.3261 -0.1962 4.76
5.4621 -0.4377 4.11
5.3664 -0.3040 5.94
5.3663 -0.3039 6.74
5.5660 -0.3377 5.24
5.3552 -0.3105 5.25
5.4371 -0.4316 4.14
5.3619 -0.2825 4.78
5.3206 -0.3295 5.28
5.4073 -0.2277 5.22
5.5237 -0.2926 4.07
5.4107 -0.3117 5.1
5.2882 -0.2026 6.34
5.2902 -0.1987 5.85
5.6141 -0.3768 3.74
5.3075 -0.2036 6.32
5.3146 -0.3524 5.87
5.4374 -0.3575 5.93
5.4751 -0.2806 5.78
5.4960 -0.3310 6.25
5.5289 -0.4362 4.5
5.5395 -0.3394 6.25
5.5665 -0.2588 5.28
5.5761 -0.2795 5.43
5.5775 -0.2886 7.05
5.6032 -0.3342 5.41
5.6167 -0.3631 5.78
5.6231 -0.3524 4.51
5.6498 -0.3476 5.69
5.6811 -0.3968 5.24
5.6791 -0.2435 5.18
5.6857 -0.2374 5.88
5.6898 -0.2313 5.99
5.6942 -0.1556 5.09
5.6997 -0.1523 6
1.6753 -0.8954 -0.72
2.4138 -1.1918 1.68
2.0803 -0.8904 3.47
2.1926 -1.0208 1.86
2.8146 -1.0178 6.21
2.4308 -1.0249 2.25
2.6779 -1.2211 3.32
2.8054 -1.1101 2.76
2.5617 -1.1332 3.01
2.5618 -1.1332 6.26
0.1768  0.9868 2.23
0.0400  1.0324 2.27
0.4099  1.0338 4.71
0.3744  1.0513 2.68
0.4991  1.1113 3.38
0.2142  1.0091 3.44
0.2474  1.0597 2.47
0.6504  1.1764 4.52
0.1440  1.0984 4.16
0.1386  0.9516 4.73
0.2979  0.9585 5.17
0.2131  0.8896 4.89
0.5061  1.1988 4.99
0.1951  0.8427 4.54
0.3494  1.0163 4.98
0.1897  0.8207 4.94
0.3750  1.1891 4.74
6.2587  1.0036 4.54
6.2789  0.9731 4.88
6.2267  1.0237 4.87
0.3102  0.9625 4.33
0.2400  1.0293 4.83
0.2472  1.0329 4.63
0.1835  0.8816 4.8
0.1613  0.9407 3.66
6.0502  1.0371 4.85
6.0639  1.0356 5.7
6.1298  1.0870 4.98
6.2345  1.0858 5.43
0.0184  1.0871 5.88
0.0281  1.1204 5.59
0.1082  1.0792 5.4
0.1371  1.1610 6.18
0.1502  1.1650 6.48
0.1992  1.3088 5.66
0.2084  1.3063 5.41
0.3083  1.2004 5.29
0.3128  1.1348 5.57
0.3538  1.1285 6.34
0.3981  1.2264 5.81
0.4299  1.2748 5.28
0.4491  1.2326 5.18
0.4465  1.1876 5.59
0.4509  1.0568 5.78
0.5460  1.3488 5.38
0.5321  1.2376 4.54
0.5477  1.3285 5.22
0.5386  1.2640 3.98
0.5362  1.1327 6
0.5367  1.1238 5.58
0.5868  1.1611 6.07
3.8380 -1.0326 -0.01
3.8380 -1.0326 1.33
3.6819 -1.0407 0.61
3.6916 -0.7124 4.36
3.1781 -0.8601 2.6
3.5774 -0.9169 2.3
3.8201 -0.7303 2.31
3.3227 -0.8210 2.17
3.4933 -0.6159 2.75
3.9233 -0.7312 3.13
3.0359 -1.0992 3.13
3.6199 -0.7248 3.04
3.6194 -0.7036 3.41
3.0184 -1.0220 5.13
3.0186 -1.0207 5.15
3.6577 -0.7313 3.83
2.9715 -0.9339 3.89
3.7549 -0.6303 4.05
3.1924 -0.9011 3.96
3.2639 -0.8686 3.91
3.3061 -0.8283 3.86
3.6944 -0.6219 2.06
3.6594 -0.7539 3.87
3.6727 -0.7749 4.34
3.4189 -0.8460 4.85
3.4335 -0.8394 4.27
3.6457 -0.8153 2.55
3.6027 -0.5752 4.23
3.6191 -0.5855 4.19
3.6295 -0.5411 4.56
3.6296 -0.5411 6.06
3.6356 -0.5249 4.73
5.5789  1.0923 2.44
5.6228  1.2315 3.23
5.8869  1.0195 3.75
5.8252  0.9956 4.19
5.4336  1.0793 3.43
6.1931  1.3549 3.21
5.9764  1.1554 3.52
5.2748  1.3563 4.39
5.8098  1.0370 5.04
5.6876  1.0259 4.08
5.6961  1.0668 4.29
6.1027  1.1888 4.75
6.0558  1.3158 4.41
5.8761  1.3751 5.83
5.8900  1.3757 5.5
5.3651  1.0995 4.22
5.7761  1.1280 4.29
5.8070  1.0158 3.35
5.4244  1.1634 5.58
5.5823  1.1322 5.18
5.6189  1.1660 5.44
5.6632  1.0835 4.73
5.6807  1.2446 4.56
5.7047  1.0593 5.52
5.7373  0.9881 5.8
5.7686  1.0123 5.56
5.7563  1.2772 5.03
5.7765  1.1016 5.29
5.7821  1.0870 5.11
5.7814  1.0958 5.27
5.8024  1.2626 4.79
5.8390  1.0961 5.75
5.8778  1.1368 5.46
5.9282  1.1098 5.19
5.9157  1.2853 5.08
0.7953  0.0714 2.53
0.1902 -0.2795 2.04
0.4782 -0.1626 4.67
0.6959  0.0057 4.07
0.6962 -0.1768 4.84
0.2993 -0.1714 3.45
0.7125  0.0565 3.47
0.0848 -0.1252 3.56
0.8699  0.0588 4.83
0.8775  0.0642 5.69
0.7842  0.1555 4.7
0.7197  0.1765 4.27
0.6801  0.0976 4.86
0.6080 -0.0178 3.04
0.1928 -0.1639 4.76
0.2187 -0.1633 5.19
0.2445 -0.1873 5.31
0.2563 -0.1854 5.61
0.7161 -0.2119 4.25
0.6368 -0.2044 4.89
0.6636 -0.2575 4.75
0.4541 -0.2454 3.5
0.3666 -0.1364 3.6
0.5236 -0.3652 4
0.5803  0.1544 4.37
0.6465  0.1477 4.28
0.4863 -0.1687 3.73
6.2760 -0.2470 6.26
0.0163 -0.2908 4.55
0.0196 -0.1656 4.94
0.0492 -0.2536 4.89
0.0639 -0.2979 4.44
0.0998 -0.2058 6.39
0.1162  0.0009 6.19
0.1311 -0.0357 5.72
0.1538 -0.0420 5.2
0.1551  0.0088 5.93
0.1984 -0.1941 6.15
0.2313 -0.0149 4.77
0.2369 -0.1267 6.16
0.2751 -0.0552 5.43
0.2785  0.0239 6.04
0.2863 -0.1400 6.12
0.2884 -0.1424 5.58
0.2957 -0.1434 5.82
0.3063 -0.1238 6.4
0.3079  0.0427 5.95
0.3130 -0.0305 5.94
0.3246 -0.1061 5.13
0.3265  0.0170 5.7
0.3343 -0.0262 5.41
0.3482  0.0089 5.87
0.3603  0.0078 6.49
0.3667 -0.1395 6.21
0.3736 -0.2339 4.9
0.3790 -0.2259 5.66
0.3910 -0.3555 5.12
0.4129 -0.2500 5.63
0.4188 -0.2548 5.42
0.5091 -0.3748 4.85
0.5226 -0.3347 5.41
0.5375  0.0022 5.43
0.5402  0.0059 5.93
0.5742 -0.0030 5.93
0.5731  0.1496 5.63
0.5794 -0.0280 5.54
0.5977 -0.0974 5.51
0.6193  0.0069 5.28
0.6205  0.0154 5.42
0.6326 -0.0213 6.33
0.6639 -0.0168 5.35
0.6751 -0.1072 5.75
0.6807 -0.1077 5.53
0.6881 -0.0454 5.65
0.7035  0.0121 5.71
0.7958  0.0760 5.61
0.8411 -0.0140 5.06
0.8656  0.0162 5.38
2.1752 -1.3104 4.07
3.2216 -1.3734 4.26
2.8155 -1.3881 5.47
2.8177 -1.3868 4.45
3.1399 -1.3575 4.91
2.2747 -1.3445 5.47
2.7728 -1.3507 4.11
2.4616 -1.3825 5.36
3.1624 -1.3174 5.04
2.6212 -1.4274 5.52
2.6360 -1.4038 6.6
2.5584 -1.3129 5.45
3.0424 -1.2933 5.65
2.1845 -1.3354 4.35
2.5041 -1.3798 5.11
3.8507 -1.1000 3.19
4.0034 -0.9983 4.07
4.0009 -1.0305 5.09
4.0040 -1.0889 4.86
3.9479 -1.1165 5.17
4.0290 -1.0241 4.51
3.9127 -1.0685 5.11
3.9039 -1.1172 6.09
2.3496  0.2070 4.25
2.1665  0.1603 3.52
2.1819  0.4750 5.14
2.2894  0.3168 3.94
2.2709  0.3411 6.3
2.2371  0.3568 5.33
2.2833  0.3747 4.66
2.2980  0.5020 6.57
2.2981  0.5020 4.02
2.3900  0.1862 5.24
2.1840  0.4193 5.98
2.1219  0.3951 5.99
2.1283  0.3767 5.3
2.3681  0.4268 5.45
2.0985  0.4432 5.83
2.1019  0.4379 6.31
2.3442  0.2674 5.2
2.3457  0.2719 5.67
2.2099  0.4868 5.57
2.2113  0.4701 6.3
2.2112  0.4701 6.32
2.4098  0.2617 6.51
2.4226  0.2608 5.34
2.1400  0.4452 5.73
2.3239  0.4945 5.95
2.3373  0.4874 5.22
2.3238  0.5668 5.66
2.3429  0.5744 5.45
2.3542  0.5658 5.2
2.3911  0.5176 5.43
2.2323  0.3158 5.35
2.2319  0.4203 5.75
2.2384  0.4204 6.36
2.3970  0.3848 5.14
2.1477  0.3080 5.63
2.1477  0.3080 6.02
2.1477  0.3080 6.2
2.0813  0.2756 5.78
2.0978  0.3021 5.55
2.1010  0.2872 5.99
2.1165  0.2290 5.12
2.1324  0.2381 6.27
2.1518  0.5176 5.64
2.1963  0.3200 5.95
2.1988  0.1856 6.08
2.2107  0.4282 7.02
2.2108  0.4282 7.81
2.2071  0.2975 6.14
2.2110  0.2209 5.5
2.2192  0.4214 6.1
2.2193  0.2480 5.95
2.2369  0.1757 6.46
2.2485  0.3419 6.58
2.2563  0.1685 5.88
2.2606  0.1671 6.53
2.2694  0.3492 6.39
2.2829  0.2213 5.64
2.2923  0.5358 6.13
2.2897  0.1760 5.66
2.2992  0.2114 5.87
2.3234  0.4932 6.23
2.3170  0.2679 6.38
2.3311  0.5337 5.39
2.3384  0.2029 5.41
2.3474  0.5277 6.29
2.3623  0.5629 5.82
2.3641  0.4870 6.07
2.3744  0.4869 6.38
2.3945  0.4648 5.98
2.4013  0.3839 6.01
1.4820 -0.5921 2.64
1.5314 -0.5975 3.12
1.6673 -0.5683 3.85
1.4452 -0.6027 3.87
1.5671 -0.7188 3.96
1.5600 -0.6059 4.36
1.6430 -0.6084 4.37
1.5408 -0.5620 4.87
1.5097 -0.5532 5.17
1.4716 -0.4560 6.16
1.4737 -0.4767 5.31
1.3853 -0.5778 4.83
1.6000 -0.7278 6.12
1.6052 -0.7304 5.5
1.5549 -0.5344 5.5
1.6036 -0.6414 5.02
1.5512 -0.6437 4.97
3.4470  0.3059 5.22
3.4552  0.4866 4.26
3.2591  0.4934 4.36
3.1603  0.3745 5.87
3.1875  0.2934 6.39
3.1933  0.4515 5.66
3.1946  0.3585 5.57
3.2114  0.2600 5.1
3.2129  0.4179 4.95
3.2259  0.4020 6.27
3.2266  0.4914 6.33
3.2320  0.3105 4.74
3.2398  0.4511 4.81
3.2477  0.4555 5.18
3.2568  0.4759 4.95
3.2594  0.4682 5
3.2677  0.4523 5.29
3.2701  0.4208 5.48
3.2713  0.3647 5.69
3.2769  0.4288 5.46
3.2881  0.4238 6.29
3.2937  0.3950 4.81
3.2948  0.3207 6.56
3.2949  0.3207 5.02
3.3029  0.2983 5.68
3.3123  0.3676 5.46
3.3451  0.2893 5.12
3.3521  0.2365 6.56
3.3550  0.2465 5.7
3.3567  0.4809 5.78
3.3672  0.4807 4.94
3.3694  0.2980 6.32
3.3741  0.3708 4.9
3.3987  0.3039 4.78
3.4046  0.5373 4.9
3.4085  0.2989 5.96
3.4311  0.3692 5.99
3.4312  0.3947 5.6
3.4347  0.4821 4.8
5.0155 -0.6300 4.11
5.0179 -0.6747 4.11
5.0106 -0.6895 4.59
4.9686 -0.6439 4.87
4.9255 -0.7386 5.49
4.9287 -0.7429 5.61
5.0022 -0.6447 4.93
5.0022 -0.6447 4.99
4.8581 -0.6507 6.32
4.8581 -0.6506 5.65
4.9034 -0.6576 5.13
4.9207 -0.6910 5.24
4.8586 -0.7276 4.64
4.9878 -0.7314 4.75
4.0783  0.4663 2.23
4.0484  0.5080 3.68
4.1434  0.4550 4.63
4.1783  0.4691 4.15
4.0282  0.5286 5.58
4.0282  0.5286 6.08
4.1135  0.4589 3.84
4.1951  0.5210 4.99
4.1505  0.6223 4.82
4.1704  0.6623 5.45
4.0808  0.6809 5.11
4.2863  0.5899 5.2
4.2869  0.5882 5.39
4.0149  0.5169 5.51
4.1189  0.5675 5.56
4.1933  0.5813 5.41
4.2528  0.5909 5.64
4.2528  0.5909 6.66
4.2279  0.6369 4.76
4.0707  0.5473 4.14
4.2619  0.5088 5.78
4.2852  0.5392 4.85
4.0988  0.6394 6
4.0988  0.6394 5.07
2.8788 -0.3089 4.08
2.9307 -0.3696 4.48
2.9642 -0.2308 3.56
2.9872 -0.1595 4.83
3.1242 -0.2941 5.18
2.9884 -0.2848 4.08
3.0485 -0.2234 5.48
2.9983 -0.2032 5.94
2.9817 -0.3005 5.09
2.9344 -0.3054 6.13
3.0398 -0.1431 4.7
3.0751 -0.3080 4.73
3.2576 -1.0978 1.33
3.2577 -1.0978 1.73
3.3498 -1.0177 1.25
3.2077 -0.9992 2.8
3.2348 -1.0402 3.59
3.1716 -1.1063 4.15
3.2781 -0.9934 6.42
3.2776 -0.9929 1.63
3.3407 -1.0301 4.69
3.3764 -1.0406 5.9
3.3801 -1.0272 4.62
3.3798 -0.9917 4.03
3.3799 -0.9919 5.17
3.1548 -1.0941 4.33
3.1604 -1.0967 4.72
3.2220 -1.1170 4.04
3.1783 -0.4062 4.02
3.2916 -0.3945 2.65
3.2719 -0.2703 2.95
3.1858 -0.3732 3
3.2815 -0.2758 4.31
3.2106 -0.2872 2.59
3.2313 -0.3802 5.21
3.1899 -0.3909 5.46
3.2435 -0.4042 5.68
5.4168  0.7903 1.25
5.1082  0.4880 3.08
5.1084  0.4881 5.11
5.1948  0.5745 4.23
5.1704  0.7877 2.87
5.4376  0.5929 2.46
5.2199  0.6123 3.89
5.3330  0.7026 2.2
5.0939  0.9132 5.75
5.1038  0.9029 3.79
5.0488  0.9315 3.77
5.4428  0.6369 4.53
5.6904  0.5017 4.73
5.6904  0.5017 6.08
5.4855  0.7185 3.94
5.3671  0.8544 4.95
5.3726  0.8591 5.44
5.1460  0.5263 4.69
5.6815  0.8934 4.67
5.7020  0.8606 4.23
5.2169  0.9152 4.92
5.6461  0.7957 4.02
5.5738  0.6876 4.23
5.5623  0.6640 3.72
5.1332  0.8765 4.48
5.5760  0.6091 4.43
5.5193  0.7667 3.72
5.5542  0.5276 3.2
5.0795  0.5170 4.97
5.0883  0.6339 5.15
5.1128  0.6013 4.74
5.1262  0.5142 5.38
5.1304  0.6448 6.05
5.1463  0.7473 5.4
5.1674  0.6520 4.89
5.1566  0.8818 5.96
5.1768  0.5887 4.99
5.1948  0.6758 5.12
5.1951  0.9248 5.03
5.2179  0.6717 4.94
5.2067  1.0040 5.14
5.2356  0.6465 5.19
5.2419  0.8745 5.05
5.2638  0.6278 5.36
5.2771  0.6430 4.93
5.2994  0.6424 4.97
5.2940  0.8171 4.83
5.2955  0.8158 3.79
5.3035  0.8328 3.98
5.2944  0.9873 4.3
5.3136  0.6638 4.81
5.3174  0.6106 5.17
5.3166  0.6458 5.58
5.3401  0.5618 4.43
5.3563  0.6709 5.62
5.3642  0.5300 4.01
5.3640  0.6363 5.88
5.3540  0.8619 5.69
5.3712  0.6447 6.19
5.3839  0.6152 4.61
5.3997  0.5510 6.32
5.4151  0.5639 5.51
5.4202  0.8786 5.39
5.4352  0.5362 4.22
5.4495  0.8048 4.84
5.4545  0.7690 5.04
5.4683  0.7747 4.78
5.4970  0.8294 4.74
5.5029  0.8056 5.37
5.5279  0.6762 5.21
5.5280  0.6762 6.03
5.5266  0.8316 4.55
5.5783  0.7670 5
5.6103  0.6400 5.94
5.6172  0.6478 5.31
5.6263  0.8123 5.24
5.6495  0.6725 4.9
5.6590  0.7054 5.01
5.6731  0.7553 5.11
5.6792  0.7122 6.11
5.6827  0.7169 5.69
5.6873  0.6682 5.65
5.4089  0.2777 3.77
5.3998  0.2547 3.63
5.4256  0.2631 4.43
5.3809  0.1973 4.03
5.3841  0.2274 5.38
5.4395  0.2814 5.14
5.4396  0.2814 4.27
5.4010  0.1986 5.43
5.4067  0.1760 5.05
5.4050  0.2324 5.72
5.3900  0.2561 4.68
5.3682  0.1902 6.08
5.4161  0.2545 5.99
5.4446  0.1049 5.58
5.4533  0.1373 6.33
5.4525  0.2190 5.98
5.4788  0.2194 5.58
5.4786  0.2395 5.17
5.4909  0.1892 5.48
1.1955 -0.9591 3.27
1.4557 -1.0736 3.76
1.5044 -1.1216 4.35
1.5267 -1.1362 5.11
1.5977 -1.1512 5.71
1.6199 -1.1242 5.01
1.1171 -0.8816 4.25
1.2407 -1.0170 5.27
1.4238 -0.9964 5.14
1.6089 -1.1721 5.06
1.6696 -1.1871 5.56
1.6820 -1.1922 5.38
1.3690 -1.1661 4.83
1.3330 -0.9866 4.72
3.6843  1.1236 3.65
4.5834  0.9128 2.79
4.8043  1.2694 3.57
5.0290  1.1809 3.07
5.1844  1.2264 3.83
4.2935  1.0736 2.74
4.6976  0.8987 2.23
4.0358  1.0292 3.29
3.2877  1.2180 3.87
3.0168  1.2101 3.84
4.4738  0.9507 5.8
4.4738  0.9507 5.83
4.5910  0.9631 4.88
4.5914  0.9630 4.87
4.6118  1.2001 4.8
4.9358  1.0365 4.66
4.8030  1.2451 4.22
5.0644  1.1469 4.59
4.6336  1.2592 4.58
4.6337  1.2594 5.79
4.6914  1.2567 5.45
5.2483  1.1846 4.51
5.1154  1.2158 4.68
5.0420  1.2803 4.45
4.1970  1.0222 4.01
4.9497  1.2444 4.82
4.6842  0.9926 3.75
4.4889  1.1469 3.17
3.0371  1.2099 5.2
3.0651  1.1649 5.3
3.2730  1.2078 4.95
3.2931  1.2221 4.94
3.3492  1.1657 5.43
3.3836  1.1421 5.24
3.4030  1.1623 5.32
3.6278  1.1296 4.65
4.3109  1.2002 5
4.3467  0.9233 5.53
4.3469  0.9237 6.53
4.3469  0.9237 5.08
4.3673  1.1273 4.83
4.4333  1.1368 4.89
4.4350  1.1351 6.41
4.6033  1.0799 5.23
4.5901  1.1892 5.05
4.6647  0.8863 5.02
4.6664  1.3433 5.04
4.7730  1.1239 5.03
4.7791  1.2000 5.95
4.8167  1.0263 4.98
4.7126  1.3963 6.04
4.7131  1.3963 5.68
4.8258  1.1443 4.82
4.8545  0.9956 4.77
4.8984  0.9693 5.04
4.9600  1.0091 5.66
4.9773  0.9714 5.48
4.9147  1.3166 5.35
4.9957  0.9319 5.38
5.0251  0.9924 5.12
5.0349  1.0071 4.99
5.0168  1.1515 6.25
5.0142  1.3362 5.13
5.2424  1.1313 5.27
5.2462  1.1281 6.57
5.2602  1.0820 5.39
5.2865  1.0835 5.75
5.2343  1.3349 6.2
5.3216  1.0866 5.72
5.3735  1.3082 5.2
5.3645  1.4153 5.96
5.3592  1.4211 5.46
5.4218  1.4404 5.75
5.5668  0.0916 3.92
5.5977  0.1189 5.16
5.5610  0.1747 4.49
5.4937  0.0749 5.23
5.5429  0.1768 4.69
5.5178  0.0960 5.61
5.5215  0.1040 5.94
5.5437  0.1754 6.07
5.5898  0.1284 5.82
0.4264 -0.9907 0.46
1.3432 -0.0858 2.79
0.5060 -0.8795 3.7
0.9741 -0.1438 3.54
0.9291 -0.1491 3.73
0.7698 -0.1240 3.89
1.0386 -0.2180 2.95
0.7010 -0.6657 4.11
0.6413 -0.8080 4.25
1.3489 -0.1265 4.27
1.2457 -0.0479 4.02
1.2057 -0.0462 3.93
1.2780 -0.0794 4.39
1.0990 -0.0901 4.04
1.1138 -0.1108 4.43
0.5956 -0.8812 3.56
0.9867 -0.2077 4.42
1.3153 -0.1191 4.81
0.7905 -0.1106 5.75
0.7972 -0.1102 5.32
0.8040 -0.1117 5.26
0.7204 -0.3042 4.47
0.7463 -0.3664 4.75
0.7958 -0.3905 4.09
0.8706 -0.3533 3.69
0.9328 -0.3555 4.27
0.9898 -0.3971 4.23
0.9934 -0.3862 5.24
1.0198 -0.4082 4.65
1.0469 -0.4186 4.66
0.7778 -0.6928 3.24
0.7779 -0.6928 4.35
1.1934 -0.4928 4.51
1.2023 -0.5138 3.82
1.1253 -0.5620 3.56
1.1505 -0.0393 5.17
0.8545 -0.1253 4.8
0.7740 -0.3864 5.45
0.7840 -0.0268 5.56
0.7771 -0.3908 5.84
0.7891 -0.0196 6.11
0.8578 -0.1544 6.14
0.8655 -0.3750 4.88
0.9190 -0.0860 4.73
0.9437 -0.2886 5.23
0.9556 -0.0763 5.96
0.9627 -0.0836 5.53
0.9796 -0.0146 5.25
0.9815  0.0052 5.55
1.0153 -0.0810 5.48
1.0223 -0.0183 6.14
1.0223 -0.0182 4.79
1.0539 -0.0079 5.28
1.0925 -0.0886 5.44
1.1100 -0.1701 4.87
1.1521 -0.5931 3.96
1.1863  0.0008 4.91
1.1952 -0.0918 5.72
1.1964 -0.1356 5.11
1.2113 -0.0266 5.23
1.2138 -0.2390 3.87
1.2237 -0.3199 4.32
1.2373 -0.1258 6.82
1.2374 -0.1257 6.7
1.2396 -0.1308 5.9
1.2549 -0.2629 5.51
1.2590 -0.2735 5.77
1.2662 -0.2755 5.03
1.2933 -0.0843 5.51
1.3083 -0.1699 5.38
1.3087 -0.2001 4.79
1.3385 -0.0584 5.12
1.3471 -0.0619 5.12
0.8381 -0.4715 3.87
0.7378 -0.5514 4.46
0.8985 -0.5948 6.39
0.9056 -0.5990 5.71
0.9084 -0.5960 6.5
0.9697 -0.5247 5
0.7925 -0.4871 5.89
0.7311 -0.6013 6.51
0.7428 -0.5961 5.92
0.7447 -0.5991 5.47
0.7411 -0.4091 6.14
0.7413 -0.4548 5.39
0.6814 -0.5228 5.75
0.6908 -0.5202 5.83
0.6220 -0.3872 5.2
0.6681 -0.5821 5.9
0.6849 -0.5833 5.79
0.5799 -0.5110 5.28
0.5432 -0.5010 4.69
0.6713 -0.4846 4.9
0.6459 -0.5618 5.14
0.5290 -0.5236 5.35
0.7574 -0.6556 5.92
0.9945 -0.5207 5.54
0.9881 -0.5002 5.9
0.9547 -0.4548 6.01
0.7837 -0.4315 5.71
1.9836  0.5566 1.98
1.9836  0.5566 2.88
2.0303  0.4891 1.14
2.1097  0.4851 4.94
1.9204  0.3837 3.53
1.7625  0.4386 2.98
1.6357  0.3928 3.28
1.7353  0.2862 1.93
1.9448  0.4852 3.79
2.0265  0.4258 3.57
1.9115  0.2887 3.58
1.6710  0.3929 2.88
1.6972  0.3528 4.15
1.8431  0.4226 5.18
2.0035  0.6036 4.9
2.0660  0.4672 4.97
2.0399  0.5832 5.14
1.9596  0.5547 4.18
2.0216  0.5041 4.28
1.8812  0.5279 4.41
1.8011  0.5927 3.6
1.9893  0.4694 4.06
1.7684  0.2251 3.36
1.8505  0.3590 3.79
1.5888  0.4060 4.16
1.6133  0.4034 5.75
1.6211  0.4262 5.8
1.6245  0.3998 6.39
1.6420  0.4184 6.08
1.6449  0.4144 6.25
1.6927  0.3577 6.22
1.7088  0.2776 6.4
1.7512  0.4921 6.42
1.7558  0.3080 5.21
1.7661  0.5056 5.44
1.7627  0.2309 4.49
1.7711  0.2215 6.46
1.7882  0.2828 5.85
1.7908  0.2341 5.65
1.7957  0.3798 5.27
1.8121  0.4429 5.73
1.8092  0.2300 4.65
1.8273  0.4552 6.1
1.8303  0.4523 6.4
1.8337  0.2806 5.68
1.8558  0.3951 6.02
1.8691  0.2780 5.44
1.8823  0.4687 5.78
1.8869  0.4211 5.85
1.8909  0.2820 5
1.8967  0.4343 5.82
1.9022  0.4869 5.71
1.9284  0.3568 5.1
1.9350  0.4372 5.03
1.9350  0.4005 6.02
1.9397  0.4824 5.76
1.9501  0.3536 5.93
1.9536  0.3743 5.22
1.9606  0.4908 5.05
1.9627  0.4872 5.01
1.9792  0.2762 5.25
2.0008  0.6117 5.56
2.0048  0.3085 5.05
2.0251  0.4500 5.31
2.0296  0.3546 6.33
2.0338  0.3231 4.88
2.0445  0.4039 6.18
2.0755  0.3470 5.35
5.7955 -0.7861 1.74
5.9458 -0.7874 2.1
5.8873 -0.7418 3.97
5.8894 -0.7374 4.11
5.9714 -0.8846 3.49
5.9587 -0.9163 4.85
5.7331 -0.6394 3.01
6.0666 -0.7811 3.9
6.0417 -0.9082 5.37
5.7863 -0.6712 4.46
5.8277 -0.7095 4.79
5.8313 -0.7046 5.1
5.8846 -0.6784 5.47
6.1375 -0.8950 5.52
6.1006 -0.6837 5.53
5.8588 -0.7689 6.62
5.8605 -0.7692 5.62
5.9494 -0.7084 4.85
5.9188 -0.6880 6.28
5.9209 -0.6878 5.86
5.9936 -0.8273 6.04
6.0074 -0.8034 5.7
6.0514 -0.7414 4.28
6.0515 -0.6477 5.61
5.6378 -0.7125 5.29
6.0252 -0.8944 4.12
4.5145  0.2512 3.48
4.5145  0.2512 5.39
4.3206  0.3751 2.77
4.1568  0.7409 4.62
4.5162  0.4335 3.14
4.4519  0.5398 3.92
4.3760  0.6793 3.53
4.2844  0.3343 3.75
4.6228  0.8030 3.8
4.2240  0.2975 5
4.2241  0.2977 6.25
4.5847  0.4557 4.41
4.6533  0.4838 3.42
4.7059  0.5269 4.41
4.2997  0.2449 4.57
4.7453  0.5020 3.83
4.2271  0.7843 4.26
4.5162  0.6424 3.16
4.5539  0.6483 5.47
4.5539  0.6483 4.52
4.3376  0.7407 4.2
4.2749  0.8083 3.89
4.6960  0.6501 3.86
4.2010  0.8035 4.76
4.7026  0.5105 3.7
4.3689  0.5516 2.81
4.1654  0.7529 5.37
4.1692  0.7429 5.75
4.1942  0.3110 5.12
4.2271  0.3003 6.14
4.2466  0.0876 5.48
4.2396  0.4101 5.7
4.2563  0.3283 5.69
4.2943  0.1213 5.85
4.2996  0.6526 5.54
4.3310  0.0964 5.63
4.3311  0.2005 4.84
4.3138  0.7310 5.04
4.3201  0.8545 6.45
4.3659  0.0734 6.93
4.3661  0.0736 5.77
4.3704  0.4698 5.92
4.3579  0.8540 4.9
4.3888  0.1498 5.15
4.3972  0.0916 5.24
4.4084  0.1265 5.49
4.4160  0.2613 6.52
4.4098  0.5202 5.72
4.4146  0.4303 5.04
4.4036  0.8026 4.82
4.4199  0.5533 5.32
4.4304  0.3217 5.35
4.4289  0.4491 6.08
4.4398  0.4425 6.28
4.4576  0.5859 5.25
4.4741  0.2224 4.91
4.4659  0.6181 6.69
4.4988  0.4230 6.19
4.5262  0.5777 4.82
4.5277  0.6509 4.65
4.5418  0.4276 5.12
4.5407  0.5667 5.39
4.5558  0.4007 5.74
4.5394  0.8071 5.59
4.5673  0.8423 5.85
4.5895  0.4958 5.62
4.6143  0.4243 5.77
4.6104  0.8480 5.37
4.6359  0.4287 5.52
4.6398  0.4246 5.71
4.6636  0.4472 5.12
4.6690  0.8446 6.68
4.6924  0.4547 5.46
4.6832  0.6983 5.16
4.7126  0.2924 4.67
4.7190  0.3769 4.96
4.7189  0.3769 5.18
4.7228  0.3636 5.28
4.7233  0.4001 6.21
4.7387  0.3878 5.06
4.7430  0.5334 5.04
4.7465  0.4555 5.9
4.7465  0.4556 5.86
4.7511  0.3499 5.1
4.7506  0.3633 4.36
4.7643  0.5481 4.97
4.7961  0.4267 5.27
4.8010  0.3833 4.95
4.8041  0.5039 5.12
4.8038  0.5211 5.63
4.8158  0.3800 3.84
4.9116  0.3586 4.19
4.9176  0.3173 4.36
4.9405  0.3739 5.48
4.9513  0.3952 4.59
1.1083 -0.7279 3.86
0.7801 -1.1158 4.99
1.0945 -0.6982 4.93
0.6868 -0.8981 5.31
0.7219 -1.0873 5.74
0.7093 -0.8587 5.41
0.6322 -1.0418 5.35
0.8012 -1.0169 5.11
0.7375 -1.0680 5.26
0.7010 -0.9329 5.21
2.4766 -0.1281 1.98
3.1107 -0.5601 4.28
2.9031 -0.4661 4.94
2.9058 -0.4662 5.71
2.2587  0.0995 4.16
2.2985  0.1120 3.38
2.2830  0.0593 4.3
3.4860 -0.3984 3
2.5301 -0.0150 3.91
2.5321 -0.2385 5.06
2.6642 -0.2033 3.61
2.7318 -0.2647 3.81
2.8345 -0.2759 3.11
2.3823  0.0889 4.97
3.0553 -0.5804 4.7
2.7763 -0.2732 6.03
2.7863 -0.2640 4.91
3.6930 -0.4419 3.27
3.4429 -0.3994 4.95
2.3057  0.1019 4.36
2.2635  0.0583 4.44
2.4834 -0.0215 4.6
2.4957 -0.0142 4.57
2.4189  0.0404 3.88
2.5808 -0.2296 4.12
2.6404 -0.2258 4.6
3.0238 -0.5261 3.54
2.3361  0.1038 3.11
2.2017 -0.0393 5.61
2.2098 -0.0351 5.59
2.2492 -0.1050 5.72
2.2690 -0.2011 4.98
2.2764 -0.2453 4.88
2.2908  0.0991 6.13
2.2967 -0.2173 4.32
2.3098 -0.0446 5.31
2.3194 -0.1191 5.54
2.3365 -0.1052 6.67
2.3365 -0.1052 6.91
2.3942 -0.1293 5.6
2.3980 -0.1259 5.46
2.4104 -0.1203 6.11
2.4290 -0.0986 5.24
2.4290 -0.1266 5.47
2.4425 -0.1750 4.79
2.4456 -0.1474 4.8
2.4670 -0.0852 5.59
2.4751 -0.1532 6.54
2.5069 -0.0713 5.56
2.5214 -0.1497 6.4
2.5298 -0.1646 6.31
2.7664 -0.3884 5.08
3.6587 -0.4019 5.15
3.6652 -0.4362 5.77
3.7209 -0.4667 5.08
3.7660 -0.4581 4.77
3.7881 -0.4976 4.97
3.8659 -0.4286 4.94
3.8719 -0.4254 5.63
3.8735 -0.4523 5.24
3.8744 -0.4425 5.77
3.8846 -0.4545 4.41
3.9211 -0.4598 5.65
3.9362 -0.4876 5.85
0.5182 -1.0547 2.86
0.1124 -1.3395 2.8
0.6185 -1.1753 4.09
0.6963 -1.1822 4.11
0.5015 -1.1581 4.69
0.9915 -1.2874 3.24
0.8550 -1.3371 5.52
0.6234 -1.2628 5.01
0.2120 -1.2754 5.07
0.6618 -1.3769 5.28
0.7438 -1.3078 4.75
0.5858 -1.1547 5.55
0.5911 -1.1563 5.69
0.5055 -1.3553 6.16
0.4422 -1.3762 6.33
0.4703 -1.3932 6.06
0.7952 -1.2234 5.53
0.7223 -1.1586 4.84
5.3999 -0.8152 3.11
5.4751 -1.0044 3.65
5.7505 -0.9252 4.4
5.7742 -0.9637 4.69
5.4281 -0.8740 4.51
5.6124 -0.9309 6.12
5.4607 -0.8795 5.05
5.7530 -1.0295 6.12
5.7851 -1.0186 5.62
5.5206 -0.9298 5.16
5.8670 -1.2522 5.29
5.7194 -1.1933 5.53
5.7432 -0.9791 6.19
5.9981 -1.2204 6.05
5.5845 -0.9172 4.39
5.4519 -0.7989 4.89
2.7397  0.6407 4.21
2.4902  0.5874 5.85
2.4938  0.6127 5.37
2.5024  0.6368 6.18
2.5055  0.6353 4.55
2.5118  0.6250 5.41
2.5426  0.6125 6.14
2.6079  0.7166 5.14
2.6224  0.5572 5.36
2.6504  0.6151 4.48
2.6839  0.5492 6.46
2.6889  0.5116 5.35
2.6899  0.5006 6.49
2.7188  0.5918 5.9
2.7233  0.5885 5.5
2.7311  0.5899 4.74
2.7494  0.6794 5.77
2.7570  0.5651 5.9
2.7642  0.6107 5.58
2.7766  0.6340 6.28
2.7869  0.5581 4.71
2.7887  0.6617 5.85
2.8057  0.4595 5.51
2.8074  0.4047 5.08
2.8181  0.5355 5.24
2.8316  0.5134 6.15
2.8357  0.4882 6.04
2.8506  0.5972 3.83
2.8567  0.4449 6.2
2.8648  0.4451 6.35
5.8961  0.8776 3.77
5.8624  0.9116 4.43
5.8293  0.6588 4.13
5.8513  0.8122 4.57
5.8666  0.8635 4.57
5.8884  0.8326 4.36
5.8926  0.7526 4.51
5.9161  0.6917 5.73
5.9227  0.8996 4.63
5.9309  0.6816 4.88
5.9364  0.7728 4.46
5.9406  0.7021 5.25
5.9520  0.7299 5.08
5.9793  0.7322 5.92
5.9866  0.7559 4.94
6.0056  0.7261 5.59
2.6545  0.2089 1.35
3.0939  0.2543 2.14
2.9017  0.1280 4.63
2.9414  0.3582 2.56
2.5563  0.4149 2.98
2.6500  0.2926 3.52
2.7051  0.3463 2.61
2.7052  0.3463 3.8
2.9842  0.1838 3.94
2.4638  0.4570 4.46
2.4946  0.4009 4.31
2.5864  0.4539 3.88
2.6102  0.2172 5.26
2.4804  0.1581 5.41
2.5357  0.1727 3.52
2.9525 -0.0410 4.47
2.6189  0.1404 4.7
2.5470  0.2447 5.35
2.7612  0.1624 3.85
2.9720  0.1052 4.05
3.0017  0.0498 4.95
2.9419  0.2693 3.34
3.0410  0.0144 4.3
2.4956  0.1972 4.97
2.6908  0.4087 3.44
2.4805  0.1429 5.71
2.4956  0.1696 5.07
2.5128  0.2510 6.36
2.5178  0.2869 5.69
2.5186  0.1193 5
2.5379  0.4523 6.24
2.5462  0.5232 5.64
2.5586  0.2061 5.63
2.5632  0.2019 6.45
2.5736  0.3697 6.09
2.5826  0.4258 5.32
2.5789  0.2280 6.46
2.6525  0.1745 4.37
2.6688  0.2331 6.44
2.6902  0.4102 5.97
2.6908  0.2396 5.41
2.6932  0.4033 5.82
2.7041  0.3398 4.79
2.7133  0.2614 6.12
2.7184  0.1142 6.07
2.7282  0.1533 5.61
2.7386  0.1704 6.04
2.7585  0.2467 5.46
2.7698  0.1214 5.08
2.7709  0.1510 5.67
2.8205  0.3297 5.49
2.8205  0.2477 5.48
2.8329  0.1840 5.34
2.8607  0.4320 4.5
2.8607  0.4319 6.3
2.8611  0.0129 5.91
2.8624  0.1080 5.81
2.8822  0.0631 4.84
2.8831  0.1065 4.99
2.8900  0.3522 4.42
2.8878 -0.0264 4.74
2.8955  0.0000 5.95
2.9132  0.4071 6.46
2.9099  0.0341 5.52
2.9183  0.4304 5.68
2.9398  0.0012 5.42
2.9461  0.4031 4.63
2.9490  0.2323 5.32
2.9552  0.0351 5.18
2.9623  0.0288 5.91
2.9847  0.0246 5.39
2.9925  0.0674 6.37
2.9915  0.2872 5.57
2.9965  0.0526 6.5
3.0094  0.2690 5.74
3.0128  0.3213 5.52
3.0121 -0.0523 4.77
3.0183  0.2507 6.2
3.0297  0.0534 5.77
3.0312  0.2932 5.95
3.0578  0.3727 5.26
3.0892  0.3529 4.53
3.1227  0.2731 5.53
1.4518 -0.2824 2.58
1.4322 -0.3358 2.84
1.5329 -0.3337 3.81
1.3328 -0.3775 3.19
1.5551 -0.2414 3.71
1.5030 -0.3761 3.6
1.3627 -0.1768 4.45
1.3667 -0.1930 4.36
1.3944 -0.2238 4.29
1.3654 -0.2757 3.31
1.3962 -0.2039 5.3
1.5977 -0.2280 4.67
1.5139 -0.2300 3.55
1.3210 -0.3701 5.75
1.4115 -0.2107 5.25
1.4448 -0.3340 5.55
1.4933 -0.3775 5.87
1.5925 -0.2708 4.93
1.6044 -0.3287 5.31
3.8864 -0.2444 5.15
3.8872 -0.2785 2.75
4.0012 -0.1504 2.61
3.9312 -0.1306 4.92
4.0326 -0.1689 4.94
4.1193 -0.2501 5.41
4.0820 -0.2306 3.91
3.9803 -0.3178 4.54
3.9851 -0.3203 6.08
4.1100 -0.3198 4.74
4.1597 -0.3461 5.03
3.8804 -0.2417 5.31
3.9559 -0.2748 5.2
4.0187 -0.2522 6.3
3.9447 -0.4314 3.29
4.0957 -0.4926 3.66
4.1618 -0.2665 4.15
4.0885 -0.4863 3.58
3.9025 -0.1763 5.8
3.9129 -0.1848 5.46
4.0503 -0.2667 5.64
4.0608 -0.2686 5.82
4.0706 -0.2644 5.5
3.7674 -0.1795 6.21
3.8538 -0.4015 5.73
3.8657 -0.2538 6.33
3.8878 -0.0297 4.94
3.9023 -0.4077 5.3
3.9147 -0.0638 4.49
3.9192 -0.1893 6.6
3.9222 -0.1895 5.87
3.9858 -0.4309 6.45
3.9905 -0.2833 6.17
4.0182 -0.3114 6.17
4.0781 -0.4879 5.15
4.0761 -0.1734 4.62
4.0968 -0.3263 5.38
4.1028 -0.3871 4.96
4.1670 -0.3249 5.94
4.1809 -0.2395 4.88
4.1902 -0.2699 5.47
4.1923 -0.1324 5.55
3.8481 -0.8135 2.3
3.9206 -0.7482 2.68
4.1493 -0.5650 3.95
4.0202 -0.6868 3.22
4.0260 -0.7559 3.37
4.1893 -0.6563 3.41
4.0803 -0.7127 2.78
3.7499 -0.8018 3.55
3.9791 -0.8249 3.87
3.9792 -0.8248 5.69
3.9656 -0.7805 4.05
4.0079 -0.8050 4.27
4.0236 -0.8041 5
4.0221 -0.8322 5.65
4.0930 -0.7231 4.33
3.8905 -0.7404 4.32
4.0221 -0.6238 3.56
4.0280 -0.6133 4.54
3.9493 -0.8194 4.72
3.9493 -0.8194 4.82
4.1005 -0.5862 4.67
4.1132 -0.5810 4.75
3.8305 -0.8478 4.05
3.8075 -0.8647 4.42
3.7792 -0.7815 4.56
3.7794 -0.7788 4.35
4.2176 -0.6143 4.23
4.0350 -0.6683 5.37
4.1752 -0.5591 5.12
4.1753 -0.5591 5.62
3.9806 -0.9058 3.41
3.9908 -0.5320 4.91
4.0048 -0.5210 4.34
2.4481  0.6003 3.13
1.6490  1.0736 4.98
1.6564  1.0299 4.48
1.6671  1.0362 5.94
1.6878  1.0196 5.21
1.7051  1.0151 5.88
1.7215  0.9661 6.45
1.7352  1.0730 5.94
1.7350  0.9924 5.85
1.7725  1.0375 4.87
1.7751  0.9978 5.35
1.8024  1.0376 5.33
1.8207  1.0197 4.35
1.8222  0.7870 4.9
1.9020  1.0409 5.2
1.9324  0.9648 5.45
1.9323  0.9649 6.53
1.9492  0.8589 4.64
1.9632  0.8669 5.36
2.0107  0.9963 6.06
2.0202  1.0247 4.99
2.0703  0.8270 6.25
2.0713  0.8302 5.45
2.1313  0.8990 4.84
2.1257  0.7550 6.26
2.1722  1.0397 5.64
2.1836  1.0078 5.89
2.1940  0.7538 4.25
2.2400  0.6359 6.24
2.2459  0.6356 5.78
2.2734  0.8000 5.37
2.3211  0.7632 5.15
2.4164  0.7543 5.32
2.4384  0.6423 3.82
2.5236  0.7023 5.25
2.5395  0.6939 5.62
4.8736  0.6769 0.03
4.9309  0.5823 3.45
4.9468  0.6453 5.58
4.9502  0.6440 4.3
4.9059  0.6924 5.06
4.9059  0.6924 6.02
4.9060  0.6914 5.14
4.9060  0.6914 5.37
5.0342  0.6832 4.39
4.9696  0.5705 3.24
5.0060  0.6301 5.28
4.7991  0.6294 4.33
4.9743  0.5610 4.93
4.8181  0.6895 5.12
4.9295  0.5727 5.91
4.9300  0.5681 5.25
5.0456  0.6656 4.36
4.9077  0.6563 4.36
4.9079  0.6561 5.73
4.9538  0.7670 4.04
4.9805  0.8192 5.01
5.0066  0.5673 5.23
5.0255  0.5460 5.98
1.6155 -1.2784 5.09
1.3209 -1.2337 5.31
1.1257 -1.3925 5.69
1.9444 -1.3772 5.53
1.2880 -1.2752 5.47
1.4481 -1.3205 5.19
1.4644 -1.3470 6.05
1.5284 -1.3725 5.47
1.5176 -1.2444 6.53
1.2351 -1.2055 5.54
1.1387 -1.4036 5.79
1.4712 -1.3881 5.65
1.8176 -1.3715 5.45
1.3040 -1.4230 5.85
1.7455 -1.3821 5.64
5.4540 -0.5623 4.9
5.4628 -0.5729 6.04
5.5241 -0.5214 5.68
5.5761 -0.5555 4.71
5.5258 -0.7088 5.53
5.5034 -0.5540 4.67
5.4476 -0.7332 5.11
5.3840 -0.7589 5.11
5.5884 -0.6840 4.82
5.6043 -0.7155 5.77
5.5107 -0.6522 5.3
2.0126 -0.1475 3.93
1.6965 -0.1216 4.6
1.6966 -0.1216 5.4
1.6966 -0.1216 5.6
1.8844  0.0086 4.15
1.6745  0.0802 4.44
1.6356 -0.0999 3.98
2.1319 -0.0177 4.34
1.5665 -0.1504 6.12
1.5667 -0.1473 5.03
1.5788 -0.1641 4.95
1.6475 -0.1619 6.75
1.6568 -0.1078 5.27
1.6928 -0.0565 5.06
1.7118  0.0848 5.84
1.7144  0.1280 4.5
1.7225  0.1322 6.45
1.7496  0.1727 4.66
1.7739  0.1499 5.93
1.7773  0.1403 4.77
1.7796  0.0421 4.47
1.8453 -0.0656 4.99
1.8772 -0.0657 4.92
1.8823  0.0053 5.45
1.8994  0.0028 6.41
1.9953 -0.0679 5.13
2.0932 -0.0405 4.93
2.0997 -0.0106 4.68
3.3038 -1.2019 2.69
3.3435 -1.1849 3.05
3.4133 -1.2296 3.62
3.2182 -1.1526 4.11
3.4699 -1.1538 4.8
3.2833 -1.2543 3.87
3.5130 -1.2760 5.05
3.5225 -1.2795 6.63
3.0788 -1.1392 3.64
3.0903 -1.1377 4.72
3.4388 -1.1291 5.51
3.2385 -1.1815 5.74
3.2381 -1.1603 5.15
4.2171 -0.7824 4.72
4.3074 -0.8106 4.47
4.2028 -0.8512 4.65
4.2630 -0.8715 4.99
4.2754 -0.8699 4.02
4.2042 -0.9813 4.63
4.2294 -0.9785 5.57
4.2476 -0.9315 4.94
4.2730 -0.7213 5.45
4.3375 -0.7672 4.94
4.2554 -0.8138 5.14
4.2472 -0.9505 5.81
5.5184 -1.3435 5.15
5.9605 -1.4071 4.15
4.9514 -1.5079 5.28
3.7826 -1.4370 4.32
5.8470 -1.3886 5.1
2.8764 -1.4557 6.19
6.2487 -1.4308 5.11
6.2725 -1.4282 5.73
0.0438 -1.4273 5.28
3.3815 -1.4814 5.46
3.5820 -1.4698 5.58
5.7199 -1.4186 5.29
5.4195 -1.3233 6
5.4181 -1.3029 6.55
5.6788 -1.3371 3.76
3.9756 -1.4523 5.91
4.8154 -1.3082 5.47
3.9350 -1.4446 5.65
3.9478 -1.4480 5.65
5.8374 -1.3350 5.51
4.1158 -1.4580 5.57
5.5361 -1.5192 5.47
6.1438 -1.5100 5.49
0.0070 -1.3428 4.78
5.8976 -1.4666 5.77
5.9794 -1.3941 5.35
2.3417 -1.4720 5.42
4.6030  0.2192 2.08
4.6403  0.0797 2.77
4.3067 -0.3062 4.42
4.2514 -0.0402 2.74
4.2687 -0.0577 3.24
4.4959 -0.2492 2.43
4.6596  0.0472 3.75
4.4244  0.1774 4.38
4.4404  0.1636 3.2
4.3237  0.0346 3.82
4.6157 -0.1376 4.62
4.7081 -0.1436 3.34
4.3290 -0.3584 4.45
4.5292 -0.4139 6.8
4.5292 -0.4139 5.2
4.3247 -0.2686 4.28
4.2940 -0.3484 4.5
4.3004 -0.3936 5.92
4.3004 -0.3936 5.02
4.5663  0.0723 4.34
4.7258 -0.1365 5.24
4.7258 -0.1365 5.94
4.5466 -0.4014 3.27
4.3101 -0.1331 4.63
4.5422 -0.3646 4.39
4.3509 -0.1646 2.56
4.3474 -0.0292 5.75
4.3708  0.0206 5.74
4.3873  0.0178 6.03
4.3946  0.0360 6.1
4.4062 -0.1609 4.65
4.4131  0.0212 5.51
4.4270 -0.1020 5.25
4.4366 -0.3988 5.58
4.4513 -0.4016 5.75
4.4587 -0.2987 6.26
4.4552 -0.0659 4.82
4.5176 -0.4433 5.07
4.5176 -0.4433 5.11
4.5050  0.1847 5.33
4.5231  0.0078 4.73
4.5525 -0.4862 5.35
4.5657 -0.4158 4.17
4.5699 -0.4910 4.29
4.5877 -0.3846 4.81
4.6047 -0.3832 6.57
4.6016  0.1673 5.81
4.6401 -0.3546 4.87
4.6450  0.0450 6.17
4.7135  0.0762 4.64
4.7152  0.0512 3.97
4.7200  0.0228 4.45
4.7362  0.0436 4.03
4.7443  0.1524 4.64
4.7445  0.1669 3.73
4.7541  0.0697 5.73
4.8034  0.0589 4.86
1.5497  0.1293 0.5
1.3724 -0.1361 0.12
1.5463  0.3539 4.41
1.5879  0.3515 4.63
1.4487  0.0050 6.85
1.4487  0.0052 2.23
1.4670 -0.0139 1.7
1.4158 -0.0280 3.36
1.4187  0.1108 1.64
1.4636 -0.0714 2.77
1.5174 -0.1454 2.06
1.4623  0.1734 5.61
1.4623  0.1734 3.54
1.5812  0.1684 4.12
1.6038  0.2578 4.42
1.4800  0.0719 4.57
1.2764  0.2487 4.74
1.2932  0.2359 4.07
1.4609  0.1656 4.41
1.4700  0.1622 4.09
1.2867  0.1772 4.65
1.2680  0.1553 4.36
1.2647  0.1215 3.19
1.2706  0.0978 3.69
1.2839  0.0426 3.72
1.3027  0.0299 4.47
1.4170  0.0322 4.95
1.4261  0.0540 4.59
1.3670  0.0499 4.46
1.4781 -0.0244 3.81
1.3858 -0.0900 3.6
1.4629 -0.0805 6.73
1.4629 -0.0805 7.96
1.4630 -0.0805 6.7
1.4629 -0.0805 5.13
1.4634 -0.0800 5.08
1.4483 -0.1169 4.62
1.6229  0.2480 4.48
1.4868 -0.0010 4.21
1.4868 -0.0010 2.05
1.2801  0.0438 5.33
1.2862  0.1994 5.19
1.3289  0.2689 4.68
1.3423  0.1653 6.17
1.3434  0.1483 5.34
1.3513  0.2722 4.82
1.3497  0.1716 5.43
1.3791  0.1979 5.56
1.3927  0.0453 5.34
1.4040  0.0067 4.73
1.4086  0.0619 5
1.4158  0.0156 5.08
1.4135 -0.1081 4.14
1.4387 -0.0158 4.71
1.4433  0.1038 4.2
1.4453  0.0575 5.46
1.4569  0.2497 5.64
1.4586  0.0657 5.36
1.4634 -0.0552 4.59
1.4646 -0.0549 5.26
1.4787 -0.1185 4.8
1.4943  0.0257 4.91
1.5185  0.1126 5.27
1.5331 -0.1131 5.35
1.5378  0.0324 4.78
1.5487  0.3447 5.92
1.5638  0.0321 5.9
1.5657  0.0097 5.22
1.5925  0.0946 5.67
1.5859  0.3437 5.14
1.5925  0.0726 5.63
1.6233  0.3454 5.75
1.6234  0.2815 4.95
1.6356  0.3343 5.2
1.6381  0.2817 5.3
1.6395  0.2191 5.33
1.6425  0.2142 5.04
1.6455  0.1735 5.39
5.3479 -0.9646 1.94
5.4322 -1.1484 3.42
5.2741 -1.1487 3.56
5.2386 -1.2407 3.96
4.6501 -1.1044 3.62
5.6132 -1.1281 4.22
4.7579 -1.0821 5.49
4.9609 -1.1653 4.44
4.9402 -1.0788 4.22
5.2377 -1.1353 5.76
5.2442 -1.1354 5.31
4.8493 -1.0772 4.64
4.9681 -1.0437 5.14
5.5560 -1.2195 5.02
5.3912 -1.0370 4.76
5.4107 -1.0376 5.12
4.7498 -1.0879 4.35
5.4000 -1.0554 4.88
5.4511 -1.1733 5.41
5.0461 -1.2010 6.27
4.9246 -1.1331 5.73
5.4190 -1.1386 5.15
4.8137 -1.0560 4.36
4.9002 -1.2317 4.01
6.0422  0.2654 2.49
6.0379  0.4901 2.42
0.0637  0.3527 4.8
5.6906  0.1724 2.39
5.9472  0.5275 2.94
0.0578  0.2650 2.83
5.7902  0.4424 3.76
5.6926  0.4476 4.13
5.9626  0.4113 3.95
5.9778  0.4294 3.48
5.7844  0.0883 4.84
5.9418  0.5115 4.79
6.2504  0.3337 5.08
5.7998  0.5790 5.58
5.8032  0.5791 4.29
6.2734  0.4388 4.66
6.0006  0.1539 4.9
5.9882  0.1717 5.16
6.1114  0.4143 4.6
5.8041  0.1082 3.53
6.1321  0.4085 4.4
5.9633  0.2125 4.19
5.9405  0.1890 3.4
5.5942  0.3457 4.08
5.6285  0.4126 4.57
5.6624  0.1155 6.18
5.6659  0.1007 5.67
5.6625  0.3372 5.45
5.6822  0.0991 5.3
5.6920  0.3028 4.34
5.7039  0.0469 5.64
5.6988  0.4005 5.29
5.7166  0.3017 5.29
5.7153  0.5266 5.04
5.7269  0.5025 5.53
5.7293  0.4525 5.08
5.7462  0.2108 5.54
5.7602  0.1172 6
5.7646  0.1441 5.65
5.7643  0.2290 5.6
5.7741  0.1987 5.8
5.7839  0.5055 5.7
5.7938  0.3788 5.78
5.8054  0.3661 6.46
5.8489  0.1010 5.37
5.8535  0.2130 5.01
5.8526  0.4945 4.81
5.8628  0.3639 6.04
5.8758  0.0767 5.75
5.8811  0.0820 4.79
5.8867  0.1593 5.58
5.8903  0.0773 5.48
5.8906  0.5685 5.65
5.9018  0.3531 6.42
5.9292  0.3407 5.82
5.9332  0.3435 6.21
5.9580  0.3380 6.25
6.0103  0.3625 5.49
6.0179  0.2047 5.75
6.0520  0.1642 4.52
6.0524  0.4445 4.76
6.0629  0.1514 5.12
6.0651  0.1714 5.39
6.0726  0.1522 5.16
6.0730  0.4686 6.17
6.0902  0.4930 6.49
6.1123  0.5308 5.59
6.1170  0.5552 5.32
6.1203  0.3635 6.29
6.1221  0.2149 5.08
6.1298  0.5652 5.57
6.1421  0.4393 5.98
6.1486  0.2227 4.55
6.1674  0.3927 5.32
6.1695  0.5467 4.98
6.1725  0.5846 5.63
6.1857  0.2937 6.26
6.1870  0.3212 5.53
6.2106  0.1803 5.06
6.2133  0.5125 4.93
6.2381  0.5034 5.97
6.2455  0.1625 5.79
6.2510  0.1911 5.3
0.0095  0.4727 5.75
0.0249  0.2338 5.51
0.0394  0.3179 5.53
0.8915  0.8702 1.79
0.8210  0.7148 2.12
0.9727  0.8340 3.01
1.0378  0.6983 2.89
0.7448  0.9756 3.76
0.8063  0.9339 2.93
0.8250  0.8659 4.05
0.8268  0.7829 3.8
1.0759  0.8788 4.29
1.1122  0.8449 4.14
0.9826  0.7431 3.77
0.8347  0.6914 4.63
0.9788  0.5635 3.83
0.4523  0.8847 4.07
0.7800  0.6922 4.7
0.9446  0.8411 4.23
0.8080  0.6779 3.39
0.9188  0.8377 4.36
0.7603  0.9209 3.95
0.7165  0.8592 4.12
1.0427  0.6247 4.04
1.0216  0.5565 2.85
0.4886  0.9625 5.52
0.4894  0.8865 5.79
0.5173  0.8588 5.69
0.5336  0.9510 5.04
0.5737  1.0061 6.36
0.6025  1.0039 5.98
0.6021  1.0105 5.75
0.6211  0.9747 5.17
0.6338  0.9880 6.25
0.7114  0.9618 5.77
0.7079  0.7015 4.91
0.7160  0.7731 5.43
0.7443  0.6688 4.23
0.7484  0.6119 4.53
0.7580  0.6691 5.33
0.7736  0.5574 5.11
0.7813  0.6141 4.93
0.8667  0.8765 5.15
0.8630  0.7684 5.47
0.8689  0.8743 5.03
0.8790  0.7562 4.95
0.9135  0.8641 4.67
0.9269  0.8038 5.31
0.9703  0.5928 4.97
1.0016  0.5776 5.11
1.0324  0.8848 5.28
1.0850  0.8327 4.04
1.0832  0.6585 6.09
1.0848  0.6639 5.51
1.1122  0.7066 4.71
1.1412  0.8116 4.85
1.1363  0.6033 4.93
1.1540  0.5957 5.73
1.1546  0.5927 5.76
1.1930  0.7516 6.09
1.2073  0.7202 4.25
1.2344  0.7569 5.29
0.1147 -0.7277 2.39
0.2883 -0.7903 3.31
0.5310 -0.7555 5.14
0.3982 -0.8539 3.95
0.0411 -0.7724 3.88
0.1892 -0.9868 4.36
0.3856 -0.7449 3.41
6.1744 -0.7223 4.71
0.1143 -0.7386 3.94
0.1371 -0.8237 4.77
0.1557 -0.8377 5.51
0.1803 -0.8014 4.59
0.3281 -0.7761 4.96
0.2707 -0.9948 6.11
0.4990 -0.7244 5.11
6.2785 -0.8946 5.13
0.4959 -0.7976 4.41
0.2212 -0.8554 5.22
6.2276 -0.8687 5.18
0.0047 -0.8236 5.71
6.1936 -0.7917 6.09
0.2958 -0.7071 5.21
0.1823 -0.9686 5.7
0.2984 -0.9556 3.92
1.7811 -1.0482 3.27
1.5153 -0.8890 3.85
1.6157 -0.9256 4.81
1.3213 -0.8526 5.38
1.3307 -0.8451 5.03
1.5264 -0.9745 4.51
1.2694 -0.9170 5.61
1.2695 -0.9170 6.42
1.4066 -0.9750 6.11
1.2338 -0.8643 5.31
1.7103 -0.9991 5.7
1.6708 -0.9709 5.61
1.4171 -0.9020 6.27
1.3935 -0.8621 5.45
6.0111 -0.4953 1.16
5.8971 -0.5525 4.29
6.0037 -0.5491 4.21
5.9370 -0.4705 4.17
5.7632 -0.4808 5.42
5.9888 -0.5432 4.46
5.6939 -0.5755 4.34
5.8220 -0.4579 5.43
5.7962 -0.5413 4.5
6.0366 -0.5803 5.11
5.8039 -0.5489 4.92
5.7061 -0.5079 5.01
5.7964 -0.5926 4.99
5.8944 -0.4525 6.43
5.6246 -0.5369 6.5
5.6385 -0.5595 5.97
5.6584 -0.5751 6.11
5.6557 -0.4508 5.73
5.7788 -0.4901 6.47
5.9445 -0.4998 6.17
5.9836 -0.4968 5.97
0.5325  0.0482 4.33
0.5325  0.0482 5.23
6.0383  0.0667 4.53
0.3118  0.3671 4.66
0.2124  0.1324 4.43
0.2746  0.1377 4.28
0.3992  0.2678 3.62
6.0963  0.0573 3.69
6.1957  0.0982 4.13
6.1389  0.0219 4.94
6.2048  0.0311 4.5
0.3935  0.1072 4.84
0.4426  0.0958 4.44
6.2802  0.1198 4.01
0.4599  0.1598 4.26
0.3218  0.4291 4.65
0.4237  0.2119 5.57
0.2866  0.3746 5.56
0.2866  0.3748 5.34
0.2965  0.3620 5.55
0.3046  0.3431 5.55
0.3764  0.3346 5.38
0.2741  0.5551 5.5
0.3127  0.5252 4.51
6.1434  0.1113 4.28
0.3467  0.4758 4.76
0.4955  0.0556 4.62
0.3217  0.1322 5.24
0.3218  0.1323 6.3
5.9995  0.0186 6.11
6.0190  0.0168 5.43
6.0241  0.0032 6.21
6.0593  0.0371 5.4
6.1102  0.0939 5.05
6.1403  0.0196 6.25
6.1608 -0.0160 6.38
6.1704 -0.0131 5.87
6.1802  0.0367 5.68
6.2238  0.0609 5.04
6.2306 -0.0216 5.49
6.2372  0.0188 5.77
6.2481  0.0511 5.55
6.2523 -0.0496 5.93
6.2530  0.0365 6.28
6.2619  0.1234 6.21
6.2774 -0.0427 4.86
0.0080 -0.0519 5.1
0.0086 -0.1045 4.41
0.0105  0.1563 6.32
0.0109  0.1481 5.63
0.0233 -0.0749 4.61
0.0438  0.1945 5.51
0.0654  0.1540 5.79
0.0723  0.1438 6.11
0.0899  0.1429 5.37
0.0978  0.2353 6.23
0.1108  0.0339 5.77
0.1224  0.3123 5.06
0.1231  0.2870 6.06
0.1414  0.1214 5.67
0.1422  0.3542 5.38
0.1605  0.2658 5.89
0.1718  0.3709 5.87
0.1742  0.3742 5.36
0.2031  0.2701 5.38
0.2052  0.2090 5.5
0.2061  0.3417 6.13
0.2068  0.1176 5.99
0.2091  0.3652 6.54
0.2107  0.1274 5.93
0.2137  0.2957 5.07
0.2176  0.4836 7
0.2177  0.4836 7.1
0.2382  0.3349 5.74
0.2442  0.4749 6.09
0.2524  0.5060 5.42
0.2840  0.2609 5.68
0.2831  0.0987 6
0.2904  0.2261 6.12
0.2872  0.0857 6.35
0.2874  0.0857 7.25
0.2968  0.5587 6.25
0.2983  0.0986 5.52
0.3103  0.5485 5.16
0.3234  0.2816 5.98
0.3260  0.1221 6.03
0.3395  0.0631 5.16
0.3540  0.5016 5.23
0.3783  0.3358 5.5
0.3922  0.3204 6.02
0.4179  0.2559 6.22
0.4349  0.2863 5.97
0.4472  0.3538 5.24
0.4578  0.3505 6.27
0.5243  0.0541 5.88
1.7356 -0.7471 3.17
2.0424 -0.4200 4.5
1.9074 -0.6441 2.7
2.1273 -0.4136 2.81
1.9601 -0.7452 3.25
1.7887 -0.8619 2.93
2.0477 -0.4039 3.34
2.1100 -0.6981 2.25
2.0226 -0.4815 4.59
2.0311 -0.2323 6.07
2.0310 -0.2324 6.89
2.0237 -0.4720 3.96
2.0331 -0.2345 5.04
2.0418 -0.2061 5.48
2.0494 -0.2927 5.18
2.0581 -0.1951 6.36
2.0585 -0.2112 5.17
2.0609 -0.2296 5.69
2.0807 -0.3686 4.2
2.0904 -0.3960 5.11
2.1149 -0.3189 6.13
2.1338 -0.3273 4.4
2.1409 -0.2129 5.54
2.1436 -0.1933 4.72
2.1526 -0.2480 4.99
2.1703 -0.2743 6.16
2.1938 -0.2259 6.11
2.2846 -0.5727 3.68
2.2694 -0.6055 3.97
2.3367 -0.4593 4.89
2.3996 -0.5172 5.59
2.2596 -0.4493 5.27
2.3149 -0.4588 4.01
2.3913 -0.4214 4.58
2.4574 -0.4741 4.69
2.4500 -0.4195 4.72
2.2677 -0.4964 4.89
1.1101 -1.0738 3.35
0.9783 -1.1029 3.85
1.0417 -1.0577 4.56
1.1191 -1.0245 4.44
1.1427 -1.0928 5.24
1.0511 -1.0793 4.51
1.0529 -1.0633 4.97
0.9136 -1.0657 4.72
1.1243 -1.0951 5.87
0.8629 -1.0721 5.54
0.8649 -1.0733 5.24
0.2557 -0.4999 4.31
6.1653 -0.6315 4.37
6.2349 -0.4864 4.57
0.4610 -0.4354 5.31
0.1219 -0.5758 4.81
6.1035 -0.5492 4.41
0.0939 -0.4716 5.18
0.0408 -0.4540 5.42
0.0505 -0.4573 5.41
0.1864 -0.6551 6.06
0.1929 -0.6559 5.9
6.1987 -0.5572 5.31
0.4457 -0.5528 5.25
0.2724 -0.5314 5.5
0.4195 -0.4903 5.69
0.0512 -0.6085 5.25
0.2675 -0.6472 5.59
0.0102 -0.4936 5.01
4.3171 -0.4462 0.96
4.2125 -0.3176 2.62
4.2125 -0.3176 4.92
4.2492 -0.1774 5.22
4.1902 -0.3731 2.32
4.4077 -0.5883 2.29
4.5036 -0.7463 3.33
4.6582 -0.6959 3.03
4.6696 -0.6966 4.81
4.6360 -0.6802 2.41
4.5972 -0.6440 1.63
4.4151 -0.6624 3.08
4.4171 -0.6629 3.57
4.2411 -0.3236 4.01
4.2410 -0.3238 6.3
4.2185 -0.3374 3.96
4.2211 -0.3339 4.32
4.2788 -0.4159 4.55
4.1838 -0.4518 2.89
4.2412 -0.1734 4.94
4.1752 -0.5024 3.88
4.2812 -0.4260 2.89
4.3454 -0.4849 2.82
4.6134 -0.7156 1.87
4.5848 -0.6406 2.69
4.2079 -0.1855 4.77
4.2079 -0.1855 5.07
4.4244 -0.7267 4.73
4.4270 -0.7267 3.62
4.1494 -0.4232 4.64
4.1609 -0.4306 4.59
4.1655 -0.4321 5.87
4.1692 -0.4491 5.62
4.2220 -0.1964 5.78
4.2423 -0.4814 5.67
4.2425 -0.4551 4.59
4.2417 -0.1301 5.43
4.2570 -0.1332 5.5
4.3206 -0.4343 4.79
4.3932 -0.4271 6.71
4.4383 -0.5714 5.48
4.8660 -0.1354 3.85
4.9182 -0.0568 4.22
4.8968 -0.1562 4.72
4.9023 -0.1348 4.9
4.9614 -0.0725 4.83
4.8398 -0.2345 4.7
4.8156 -0.1233 4.68
4.1201  0.1121 2.65
4.1285  0.2692 3.67
4.1093  0.2242 5.33
4.0788  0.1839 3.8
4.0788  0.1839 3.8
4.1487  0.0782 3.71
4.8054 -0.0192 3.26
4.1733  0.2733 3.85
4.1083  0.3433 4.52
4.1397  0.3166 4.09
4.1296  0.1283 4.43
4.1435 -0.0449 3.53
4.5415 -0.1947 4.33
4.1464  0.0383 5.23
4.6313 -0.1942 4.26
4.1768  0.2516 5.54
4.1988  0.3980 4.83
4.1191  0.0439 5.88
4.1507  0.3661 4.76
4.2851  0.0180 4.82
4.0395  0.2693 5.17
4.0673  0.2802 6.22
4.0821  0.3081 6.12
4.0862  0.2813 5.93
4.1058  0.2797 6.01
4.1099  0.3223 5.81
4.1220  0.3013 6.14
4.9577  0.0734 4.62
4.9578  0.0733 4.98
4.1333  0.2464 5.71
4.6146 -0.2548 3.54
4.7145 -0.0403 4.62
3.9933  0.0862 5.33
3.9960  0.0065 5.63
4.0113  0.0308 5.06
4.0188  0.0125 5.35
4.0247  0.2193 6.28
4.0305 -0.0171 6.12
4.0519  0.0322 5.17
4.0708 -0.0142 5.51
4.0865  0.0098 6.51
4.0862  0.1747 5.26
4.1281 -0.0034 5.4
4.1507 -0.0508 5.11
4.1591  0.2303 6.1
4.1655  0.1498 6.29
4.2052  0.0870 6.08
4.2221  0.1726 5.63
4.2257  0.1489 5.73
4.8311  0.0034 5.21
4.8419 -0.0003 5.39
4.8518 -0.0174 5.94
4.9623  0.0442 5.57
2.6526  0.0065 4.49
2.7502  0.0111 5.09
2.7466 -0.0220 5.21
2.6949 -0.1384 5.24
2.5853 -0.1378 5.05
2.5765  0.0758 6.24
2.5797 -0.0656 6.01
2.5840  0.0428 6.02
2.6168  0.0591 6.7
2.6361  0.0559 6.45
2.6476  0.0979 6.21
2.6622 -0.1325 5.91
2.6657 -0.1323 5.65
2.6739  0.0805 5.77
2.7098  0.0400 6.66
2.7203 -0.0685 5.97
2.7986 -0.0045 6.26
2.8071  0.0829 5.79
2.8150  0.0434 6.28
2.8331 -0.0694 6.61
2.8375 -0.1240 5.79
5.1491  0.3144 4.37
5.1533  0.3050 4.37
5.1810  0.3235 3.82
5.1369  0.2873 5.66
5.2585  0.3489 5.1
5.2306  0.3402 3.47
5.2794  0.3650 6.48
5.1879  0.3341 5
5.0409  0.3706 5.64
5.0805  0.2956 6.25
5.2027  0.3259 6.23
5.2186  0.2903 5.36
5.2262  0.2930 5.53
5.2362  0.3057 5.37
5.2539  0.2979 5.8
5.3072  0.3770 6.13
5.0784 -0.6874 3.97
5.0730 -0.7599 4.01
5.0755 -0.7540 4.29
5.0845 -0.4100 5.03
5.0854 -0.3846 5.43
4.8040 -0.4917 2.7
4.8179 -0.5867 1.85
4.7893 -0.6150 3.11
4.7343 -0.4960 4.69
4.7377 -0.5162 2.99
5.2153 -0.7004 4.13
5.3340 -0.7322 5.59
5.3402 -0.7257 5.64
4.8344 -0.4290 2.81
4.7724 -0.3655 3.86
4.9488 -0.3710 4.83
4.9529 -0.3723 4.99
5.2178 -0.4486 4.7
4.9946 -0.3536 3.77
4.9116 -0.4365 3.17
5.0168 -0.3661 2.89
5.0420 -0.4319 4.85
5.0688 -0.2819 3.93
5.0695 -0.3088 5.87
4.9535 -0.4486 2.02
5.0045 -0.4595 3.32
5.2348 -0.6060 4.37
5.2354 -0.5812 5.3
5.0690 -0.2451 4.61
4.9626 -0.3376 5.08
4.9643 -0.3647 3.51
4.9856 -0.4908 2.6
4.6581 -0.4567 4.54
4.7115 -0.3872 4.76
4.7184 -0.2940 6.28
4.7248 -0.4140 5.34
4.7293 -0.4126 5.97
4.7635 -0.3892 4.98
4.7746 -0.3541 5.44
4.7788 -0.3364 5.38
4.7788 -0.3423 5.95
4.8216 -0.5104 5.6
4.8230 -0.3396 4.81
4.8603 -0.4183 5.49
4.8631 -0.4150 6.51
4.8950 -0.3869 6.23
4.9146 -0.3771 5.37
4.9291 -0.3434 5.24
4.9342 -0.3811 6.61
4.9480 -0.3602 5.69
5.0511 -0.2975 4.96
5.0890 -0.3530 5.59
5.1314 -0.4063 5.65
5.1344 -0.4035 4.6
5.1480 -0.3940 6.34
5.1519 -0.2741 6.2
5.1597 -0.2771 5.06
5.1765 -0.3183 4.86
5.2020 -0.3308 5.92
5.2227 -0.4683 4.52
5.2314 -0.4504 4.83
5.2270 -0.2532 5.02
5.2476 -0.4589 4.58
5.2446 -0.2158 5.71
5.2597 -0.1978 6.55
1.2039  0.2881 0.85
1.4237  0.4993 1.65
1.1457  0.4473 5.37
1.1473  0.3062 3.76
1.1523  0.3045 4.8
1.1584  0.3129 4.29
1.1721  0.3348 3.53
0.9926  0.4207 2.87
1.1336  0.2728 3.65
1.3225  0.3768 4.64
1.1579  0.3891 4.22
1.1581  0.3875 5.28
1.0502  0.2180 3.47
1.1150  0.1552 4.29
1.0610  0.1045 3.91
1.0872  0.3422 5.5
1.1225  0.3592 4.94
0.8937  0.1576 3.6
1.1360  0.4774 4.95
1.1633  0.2568 4.69
1.0778  0.5062 5.23
1.1949  0.2591 4.65
1.2180  0.2758 5.07
1.2186  0.2778 4.69
1.2315  0.4007 4.28
1.1719  0.2786 3.84
1.1723  0.2770 3.4
1.1620  0.3982 4.28
0.9039  0.1699 3.74
1.4733  0.3690 3
0.9181  0.1979 5.14
0.9201  0.2258 4.11
0.9276  0.1636 5.77
0.9357  0.4270 5.92
0.9463  0.0070 4.28
0.9633  0.4421 6.11
0.9593  0.0534 5.57
0.9700  0.3438 5.69
0.9765  0.3432 6.14
0.9809  0.4239 5.46
0.9812  0.4209 3.7
0.9825  0.4335 5.64
0.9827  0.4270 4.3
0.9854  0.4253 3.87
0.9857  0.4286 5.76
0.9863  0.4281 6.43
0.9875  0.4180 4.18
0.9999  0.4198 3.63
1.0000  0.4213 5.09
0.9847  0.1056 5.35
0.9960  0.1945 5.07
1.0123  0.1141 5.67
1.0335  0.3923 5.63
1.0344  0.4045 6.06
1.0662  0.4207 5.47
1.0677  0.3854 4.36
1.0705  0.3841 5.9
1.0635  0.0949 5.33
1.0760  0.4817 5.2
1.0945  0.4622 5.41
1.0967  0.0964 5.72
1.1063  0.1347 5.29
1.1080  0.1617 4.84
1.1160  0.2688 6.32
1.1274  0.3766 5.65
1.1320  0.3690 5.35
1.1328  0.3800 5.38
1.1343  0.2450 5.59
1.1371  0.2635 5.26
1.1434  0.2457 5.72
1.1519  0.4241 6.36
1.1494  0.2928 5.64
1.1513  0.1651 5.12
1.1590  0.2782 6.46
1.1622  0.2726 4.49
1.1663  0.4014 5.53
1.1713  0.2855 4.97
1.1711  0.2573 5.9
1.1730  0.2277 5.03
1.1787  0.2729 5.58
1.1809  0.2739 5.48
1.1808  0.2395 5.4
1.1862  0.2767 6.02
1.2028  0.1773 4.25
1.2137  0.2798 5.79
1.2137  0.2184 4.27
1.2220  0.2129 5.46
1.2358  0.4204 6.13
1.2642  0.2776 6.08
1.2714  0.3288 5.1
1.3010  0.4372 5.81
1.2994  0.4180 5.79
1.3444  0.4235 5.5
1.3415  0.3254 5
1.3436  0.3788 5.89
1.3431  0.3564 5.3
1.3765  0.3889 6.27
1.3931  0.3857 4.94
1.4121  0.2915 6.08
1.4156  0.3034 4.99
1.4229  0.2915 6.25
1.4296  0.3829 4.88
1.4275  0.3135 5.42
1.4301  0.2771 5.5
1.4313  0.3009 5.77
1.4367  0.4390 5.47
1.4496  0.3245 4.38
1.4553  0.3236 5.69
1.4637  0.4196 5.38
1.4707  0.2974 5.54
1.4824  0.4520 5.18
1.4892  0.2886 4.86
1.5130  0.2762 6
1.5160  0.3094 5.49
1.5150  0.2529 5.72
1.5229  0.4288 4.86
1.5172  0.2426 5.29
1.5252  0.2208 4.91
1.5293  0.2497 5.52
1.5417  0.4819 4.58
1.5375  0.2473 5.59
1.5620  0.4530 4.82
4.8301 -0.7685 3.51
4.8510 -0.7694 4.96
4.8522 -0.7722 5.07
4.7614 -0.7687 4.53
5.0739 -0.9351 5.05
5.1279 -0.8360 4.9
4.9422 -0.9057 5.17
4.9675 -0.8912 4.87
5.1076 -0.9580 6.3
5.1837 -0.9711 5.35
5.0018 -0.9016 5.16
5.2682 -0.8922 4.94
4.8382 -0.8540 4.13
4.4011 -1.2038 1.92
4.1676 -1.0920 2.85
4.2562 -1.0876 3.85
4.0872 -1.1464 4.11
4.3694 -1.1817 5.91
4.0095 -1.1750 2.89
4.3108 -1.1160 5.27
4.1691 -1.1763 5.09
4.3448 -1.1258 5.52
4.3130 -1.2203 4.91
0.4934  0.5162 3.41
0.5652  0.6106 3
0.5980  0.5973 4.87
0.5365  0.5809 5.5
0.5991  0.5907 4.01
0.5734  0.5502 6.23
0.5776  0.5289 4.94
0.5931  0.5822 5.28
0.6063  0.4999 5.03
0.6434  0.5550 5.54
0.6465  0.5178 5.29
0.6493  0.5224 5.89
0.6637  0.6309 5.15
0.6797  0.6054 5.35
5.8403 -1.0427 2.86
0.1376 -1.0654 4.37
0.1377 -1.0652 4.54
0.1428 -1.0990 5.09
5.8789 -1.1001 4.48
6.2828 -1.1244 4.5
6.2727 -1.1118 5
6.0974 -1.0082 3.99
0.2937 -1.0511 5.37
0.3306 -1.1715 4.86
0.2287 -1.1955 6.22
0.2400 -1.1951 5.45
5.9036 -1.0475 4.81
0.0901 -1.1934 5.51
0.1853 -1.1263 5.39
0.1457 -1.2345 6.13
0.0876 -1.1017 4.23
2.8961  1.0778 1.79
2.8878  0.9841 2.37
3.0807  0.8339 3.71
3.2089  0.9954 3.31
3.3773  0.9767 1.77
3.6108  0.8607 1.86
3.1147  0.9371 2.44
2.3527  0.8385 3.14
2.3720  0.8230 3.6
2.6926  0.7490 3.45
2.7154  0.7243 3.05
2.9604  0.5776 3.48
2.8535  0.7538 4.71
2.2265  1.0597 3.36
2.5836  0.9436 4.59
2.2654  1.1348 5.64
2.2699  1.1227 4.6
2.9220  0.7766 3.01
2.3673  1.1804 4.76
2.3928  1.1672 5.14
2.4015  1.1717 4.8
2.4038  1.1085 4.67
2.4996  0.9019 3.17
2.5787  1.0304 3.8
2.9591  0.5503 4.87
2.9591  0.5503 4.41
3.5078  0.9586 2.27
3.5078  0.9586 3.95
2.2454  1.1370 5.47
2.3273  1.0814 5.73
2.3415  1.1276 5.58
2.3949  0.9007 4.48
2.4188  1.0720 5.13
2.4253  0.9903 5.27
2.4268  0.9429 4.83
2.5084  1.2602 5.72
2.4938  1.1006 3.67
2.5066  1.2188 4.56
2.5081  0.9085 4.5
2.5436  1.2610 5.17
2.5566  1.1110 6.34
2.5993  0.8695 5.27
2.6967  1.1364 5.82
2.7485  1.1454 6.32
2.7516  0.9770 4.84
2.7714  0.9963 5.16
2.8010  1.1470 5.12
2.8088  0.9983 5.8
2.8203  1.0012 6.34
2.8422  1.0353 5.58
2.8413  0.9875 5.67
2.8518  0.9527 5.1
2.8612  0.5848 5.03
2.8775  0.7056 5.05
2.8835  0.6844 5.08
2.8995  0.6674 6
2.9633  0.6665 4.78
2.9794  0.7589 4.99
3.0066  0.6866 5.31
3.0130  0.7535 5.94
3.0471  0.7614 5.59
3.0480  0.8174 6.1
3.0589  0.5969 5.33
3.0612  0.5541 5.73
3.1206  0.8110 7.03
3.1202  0.8112 6.54
3.1240  0.9878 5.84
3.1508  0.7513 5.21
3.1929  0.9958 6.43
3.2326  1.0099 5.55
3.2509  0.9910 5.81
3.2620  0.9724 5.7
3.2723  1.0194 5.35
3.2728  1.0257 6.08
3.3230  1.0945 6.07
3.4066  0.9838 4.93
3.5135  0.9597 4.01
3.5523  0.9660 5.6
3.5758  0.9237 5.46
3.5811  0.9544 4.66
3.6067  0.9500 5.7
3.6384  0.9377 5.7
0.6624  1.5580 2.02
3.8864  1.2943 2.08
4.5912  1.5112 4.36
4.3894  1.4318 4.23
4.2652  1.3222 4.95
4.0174  1.2537 3.05
4.5245  1.5540 6.38
4.0641  1.3500 4.96
4.1192  1.3578 4.32
3.6955  1.3019 6.45
3.7038  1.3535 4.82
3.7853  1.3211 4.25
4.0016  1.2536 5.02
4.2360  1.3243 5.48
4.2435  1.3127 6.39
4.5850  1.5179 5.79
2.2895 -0.9301 1.96
2.1358 -0.8143 4.27
2.1360 -0.8144 1.78
2.4527 -0.9597 2.5
2.3911 -0.7429 2.21
2.8221 -0.8479 2.69
2.6043 -0.9326 3.54
2.4901 -0.6900 3.6
3.5133 -0.1892 0.98
3.1010  0.0308 3.61
3.3128 -0.1048 4.66
3.3842  0.0593 3.38
3.4129  0.1913 2.83
3.2285  0.0116 3.89
3.3234 -0.0096 3.65
3.3234 -0.0096 3.68
3.7351 -0.1047 4.08
3.7215 -0.1698 4.19
3.7486 -0.2204 4.52
3.8531 -0.0758 3.88
3.0799  0.1140 4.03
3.0476  0.1420 5.36
3.1643  0.1524 4.12
3.7882 -0.0309 4.81
3.1454  0.1154 4.66
3.3788 -0.1477 4.79
3.3244  0.1786 4.88
3.4802  0.0955 4.8
3.6724  0.0270 4.26
3.4468 -0.0779 4.38
3.7505 -0.0303 5.14
3.0774  0.1441 4.85
3.5548  0.0104 3.37
3.0889  0.1439 5.32
3.1200  0.1474 5.58
3.1414  0.0638 5.37
3.1839  0.0331 5.95
3.1855  0.1014 5.72
3.2002  0.1791 5.85
3.2231  0.0137 5.9
3.2304  0.0578 4.96
3.2399  0.0926 6.4
3.2858  0.1797 6.26
3.2890 -0.1492 5.48
3.3021 -0.0727 5.87
3.3230  0.1820 6.19
3.3246  0.1188 5.59
3.3406  0.1339 5.22
3.3439  0.1665 5.67
3.3477  0.2087 6.07
3.3504  0.0624 6.41
3.3668  0.0533 6.02
3.3737 -0.0427 6.11
3.3765  0.2167 6.25
3.4019 -0.0382 5.79
3.4060 -0.0459 5.99
3.4204 -0.0408 6.59
3.4378 -0.1616 5.19
3.4460 -0.1688 5.94
3.4560 -0.2758 5.04
3.4621 -0.2997 6.28
3.4653 -0.3154 5.33
3.4731 -0.3152 5.22
3.4766  0.1645 5.22
3.4837 -0.3087 4.74
3.5038 -0.2839 5.37
3.5001  0.0900 5.87
3.5051 -0.0537 5.89
3.5105 -0.0844 5.75
3.5200 -0.1971 5.25
3.5232 -0.2448 4.76
3.5274  0.2405 4.98
3.5309  0.1888 5.65
3.5362 -0.0965 6.09
3.5432 -0.3014 6.01
3.5429 -0.1003 4.69
3.5468 -0.2555 5.55
3.5472 -0.1717 5.21
3.5523  0.0639 4.94
3.5584 -0.0804 5.73
3.5850 -0.1274 5.01
3.5975 -0.2761 5.6
3.5913  0.0618 5.36
3.6023 -0.2484 6.19
3.6038 -0.2020 5.51
3.6103 -0.2817 5.43
3.6210 -0.3118 4.97
3.6421 -0.0087 5.15
3.6498  0.0183 5.91
3.6945 -0.1516 5.46
3.7045 -0.1687 6.47
3.7848 -0.1026 6.17
3.7904 -0.0890 5.42
3.8637  0.0125 5.69
3.8670  0.0330 3.72
3.9396  0.0365 4.4
2.3669 -1.1450 4
2.2067 -1.1495 3.77
1.9060 -1.1527 3.98
2.1290 -1.1761 4.35
2.1907 -1.2671 5.29
1.8706 -1.2131 5.69
1.8708 -1.2130 3.78
1.7953 -1.2049 5.4
2.1809 -1.2302 5.37
2.1817 -1.2304 5.65
2.2649 -1.2150 5.2
2.0151 -1.2461 3.95
5.0994  0.4305 4.44
5.0449  0.3733 4.77
5.0515  0.4019 5.43
5.0739  0.4584 5.18
5.0854  0.3456 5.16
5.0886  0.3508 5.63
5.1022  0.3539 6.33
5.1005  0.4323 5.81
5.1251  0.3451 5
5.1649  0.4498 5.49
5.1970  0.3946 4.95
5.2075  0.4203 4.58
5.2324  0.4032 5.67
5.2408  0.4844 4.64
5.2448  0.4353 5.22
5.2661  0.4121 5.07
5.2821  0.4696 5.52
5.2875  0.4679 5.49
5.2884  0.4621 5.92
5.2981  0.5008 5.18
5.3036  0.4103 5.15
5.3048  0.4854 4.52
5.3092  0.4306 5.32
5.3322  0.4267 5.54
5.3937  0.4517 6.41
5.3978  0.4618 5.59
5.4041  0.4209 5.04
5.4041  0.3700 4.82
5.4318  0.4411 4.91
5.4634  0.4729 4.59
5.4741  0.4897 5.01
5.4903  0.3897 5.31
5.6185  0.4819 5.41
